





p2802 HIP CALC ROWS
701
702
703
704
705
706
707
708
709
710
711
712
713
714
715
716
717
718
719
720
721
722
723
724
725
726
727
728
729
730
731
732
733
734
735
736
737
738
739
740
741
742
743
744
745
746
747
748
749
750
751
752
753
754
755
756
757
758
759
760
761
762
763
764
765
766
767
768
769
770
771
772
773
774
775
776
777
778
779
780
781
782
783
784
785
786
787
788
789
790
791
792
793
794
795
796
797
798
799
800
801
802
803
804
805
806
807
808
809
810
811
812
813
814
815
816
817
818
819
820
821
822
823
824
825
826
827
828
829
830
831
832
833
834
835
836
837
838
839
840
841
842
843
844
845
846
847
848
849
850
851
852
853
854
855
856
857
858
859
860
861
862
863
864
865
866
867
868
869
870
871
872
873
874
875
876
877
878
879
880
881
882
883
884
885
886
887
888
889
890
891
892
893
894
895
896
897
898
899
900
901
902
903
904
905
906
907
908
909
910
911
912
913
914
915
916
917
918
919
920
921
922
923
924
925
926
927
928
929
930
931
932
933
934
935
936
937
938
939
940
941
942
943
944
945
946
947
948
949
950
951
952
953
954
955
956
957
958
959
960
961
962
963
964
965
966
967
968
969
970
971
972
973
974
975
976
977
978
979
980
981
982
983
984
985
986
987
988
989
990
991
992
993
994
995
996
997
998
999
1000
1001
1002
1003
1004
1005
1006
1007
1008
1009
1010
1011
1012
1013
1014
1015
1016
1017
1018
1019
1020
1021
1022
1023
1024
1025
1026
1027
1028
1029
1030
1031
1032
1033
1034
1035
1036
1037
1038
1039
1040
1041
1042
1043
1044
1045
1046
1047
1048
1049
1050
1051
1052
1053
1054
1055
1056
1057
1058
1059
1060
1061
1062
1063
1064
1065
1066
1067
1068
1069
1070
1071
1072
1073
1074
1075
1076
1077
1078
1079
1080
1081
1082
1083
1084
1085
1086
1087
1088
1089
1090
1091
1092
1093
1094
1095
1096
1097
1098
1099
1100
1101
1102
1103
1104
1105
1106
1107
1108
1109
1110
1111
1112
1113
1114
1115
1116
1117
1118
1119
1120
1121
1122
1123
1124
1125
1126
1127
1128
1129
1130
1131
1132
1133
1134
1135
1136
1137
1138
1139
1140
1141
1142
1143
1144
1145
1146
1147
1148
1149
1150
1151
1152
1153
1154
1155
1156
1157
1158
1159
1160
1161
1162
1163
1164
1165
1166
1167
1168
1169
1170
1171
1172
1173
1174
1175
1176
1177
1178
1179
1180
1181
1182
1183
1184
1185
1186
1187
1188
1189
1190
1191
1192
1193
1194
1195
1196
1197
1198
1199
1200
1201
1202
1203
1204
1205
1206
1207
1208
1209
1210
1211
1212
1213
1214
1215
1216
1217
1218
1219
1220
1221
1222
1223
1224
1225
1226
1227
1228
1229
1230
1231
1232
1233
1234
1235
1236
1237
1238
1239
1240
1241
1242
1243
1244
1245
1246
1247
1248
1249
1250
1251
1252
1253
1254
1255
1256
1257
1258
1259
1260
1261
1262
1263
1264
1265
1266
1267
1268
1269
1270
1271
1272
1273
1274
1275
1276
1277
1278
1279
1280
1281
1282
1283
1284
1285
1286
1287
1288
1289
1290
1291
1292
1293
1294
1295
1296
1297
1298
1299
1300
1301
1302
1303
1304
1305
1306
1307
1308
1309
1310
1311
1312
1313
1314
1315
1316
1317
1318
1319
1320
1321
1322
1323
1324
1325
1326
1327
1328
1329
1330
1331
1332
1333
1334
1335
1336
1337
1338
1339
1340
1341
1342
1343
1344
1345
1346
1347
1348
1349
1350
1351
1352
1353
1354
1355
1356
1357
1358
1359
1360
1361
1362
1363
1364
1365
1366
1367
1368
1369
1370
1371
1372
1373
1374
1375
1376
1377
1378
1379
1380
1381
1382
1383
1384
1385
1386
1387
1388
1389
1390
1391
1392
1393
1394
1395
1396
1397
1398
1399
1400
1401
1402
1403
1404
1405
1406
1407
1408
1409
1410
1411
1412
1413
1414
1415
1416
1417
1418
1419
1420
1421
1422
1423
1424
1425
1426
1427
1428
1429
1430
1431
1432
1433
1434
1435
1436
1437
1438
1439
1440
1441
1442
1443
1444
1445
1446
1447
1448
1449
1450
1451
1452
1453
1454
1455
1456
1457
1458
1459
1460
1461
1462
1463
1464
1465
1466
1467
1468
1469
1470
1471
1472
1473
1474
1475
1476
1477
1478
1479
1480
1481
1482
1483
1484
1485
1486
1487
1488
1489
1490
1491
1492
1493
1494
1495
1496
1497
1498
1499
1500
1501
1502
1503
1504
1505
1506
1507
1508
1509
1510
1511
1512
1513
1514
1515
1516
1517
1518
1519
1520
1521
1522
1523
1524
1525
1526
1527
1528
1529
1530
1531
1532
1533
1534
1535
1536
1537
1538
1539
1540
1541
1542
1543
1544
1545
1546
1547
1548
1549
1550
1551
1552
1553
1554
1555
1556
1557
1558
1559
1560
1561
1562
1563
1564
1565
1566
1567
1568
1569
1570
1571
1572
1573
1574
1575
1576
1577
1578
1579
1580
1581
1582
1583
1584
1585
1586
1587
1588
1589
1590
1591
1592
1593
1594
1595
1596
1597
1598
1599
1600
1601
1602
1603
1604
1605
1606
1607
1608
1609
1610
1611
1612
1613
1614
1615
1616
1617
1618
1619
1620
1621
1622
1623
1624
1625
1626
1627
1628
1629
1630
1631
1632
1633
1634
1635
1636
1637
1638
1639
1640
1641
1642
1643
1644
1645
1646
1647
1648
1649
1650
1651
1652
1653
1654
1655
1656
1657
1658
1659
1660
1661
1662
1663
1664
1665
1666
1667
1668
1669
1670
1671
1672
1673
1674
1675
1676
1677
1678
1679
1680
1681
1682
1683
1684
1685
1686
1687
1688
1689
1690
1691
1692
1693
1694
1695
1696
1697
1698
1699
1700
1701
1702
1703
1704
1705
1706
1707
1708
1709
1710
1711
1712
1713
1714
1715
1716
1717
1718
1719
1720
1721
1722
1723
1724
1725
1726
1727
1728
1729
1730
1731
1732
1733
1734
1735
1736
1737
1738
1739
1740
1741
1742
1743
1744
1745
1746
1747
1748
1749
1750
1751
1752
1753
1754
1755
1756
1757
1758
1759
1760
1761
1762
1763
1764
1765
1766
1767
1768
1769
1770
1771
1772
1773
1774
1775
1776
1777
1778
1779
1780
1781
1782
1783
1784
1785
1786
1787
1788
1789
1790
1791
1792
1793
1794
1795
1796
1797
1798
1799
1800
1801
1802
1803
1804
1805
1806
1807
1808
1809
1810
1811
1812
1813
1814
1815
1816
1817
1818
1819
1820
1821
1822
1823
1824
1825
1826
1827
1828
1829
1830
1831
1832
1833
1834
1835
1836
1837
1838
1839
1840
1841
1842
1843
1844
1845
1846
1847
1848
1849
1850
1851
1852
1853
1854
1855
1856
1857
1858
1859
1860
1861
1862
1863
1864
1865
1866
1867
1868
1869
1870
1871
1872
1873
1874
1875
1876
1877
1878
1879
1880
1881
1882
1883
1884
1885
1886
1887
1888
1889
1890
1891
1892
1893
1894
1895
1896
1897
1898
1899
1900
1901
1902
1903
1904
1905
1906
1907
1908
1909
1910
1911
1912
1913
1914
1915
1916
1917
1918
1919
1920
1921
1922
1923
1924
1925
1926
1927
1928
1929
1930
1931
1932
1933
1934
1935
1936
1937
1938
1939
1940
1941
1942
1943
1944
1945
1946
1947
1948
1949
1950
1951
1952
1953
1954
1955
1956
1957
1958
1959
1960
1961
1962
1963
1964
1965
1966
1967
1968
1969
1970
1971
1972
1973
1974
1975
1976
1977
1978
1979
1980
1981
1982
1983
1984
1985
1986
1987
1988
1989
1990
1991
1992
1993
1994
1995
1996
1997
1998
1999
2000
2001
2002
2003
2004
2005
2006
2007
2008
2009
2010
2011
2012
2013
2014
2015
2016
2017
2018
2019
2020
2021
2022
2023
2024
2025
2026
2027
2028
2029
2030
2031
2032
2033
2034
2035
2036
2037
2038
2039
2040
2041
2042
2043
2044
2045
2046
2047
2048
2049
2050
2051
2052
2053
2054
2055
2056
2057
2058
2059
2060
2061
2062
2063
2064
2065
2066
2067
2068
2069
2070
2071
2072
2073
2074
2075
2076
2077
2078
2079
2080
2081
2082
2083
2084
2085
2086
2087
2088
2089
2090
2091
2092
2093
2094
2095
2096
2097
2098
2099
2100
2101
2102
2103
2104
2105
2106
2107
2108
2109
2110
2111
2112
2113
2114
2115
2116
2117
2118
2119
2120
2121
2122
2123
2124
2125
2126
2127
2128
2129
2130
2131
2132
2133
2134
2135
2136
2137
2138
2139
2140
2141
2142
2143
2144
2145
2146
2147
2148
2149
2150
2151
2152
2153
2154
2155
2156
2157
2158
2159
2160
2161
2162
2163
2164
2165
2166
2167
2168
2169
2170
2171
2172
2173
2174
2175
2176
2177
2178
2179
2180
2181
2182
2183
2184
2185
2186
2187
2188
2189
2190
2191
2192
2193
2194
2195
2196
2197
2198
2199
2200
2201
2202
2203
2204
2205
2206
2207
2208
2209
2210
2211
2212
2213
2214
2215
2216
2217
2218
2219
2220
2221
2222
2223
2224
2225
2226
2227
2228
2229
2230
2231
2232
2233
2234
2235
2236
2237
2238
2239
2240
2241
2242
2243
2244
2245
2246
2247
2248
2249
2250
2251
2252
2253
2254
2255
2256
2257
2258
2259
2260
2261
2262
2263
2264
2265
2266
2267
2268
2269
2270
2271
2272
2273
2274
2275
2276
2277
2278
2279
2280
2281
2282
2283
2284
2285
2286
2287
2288
2289
2290
2291
2292
2293
2294
2295
2296
2297
2298
2299
2300
2301
2302
2303
2304
2305
2306
2307
2308
2309
2310
2311
2312
2313
2314
2315
2316
2317
2318
2319
2320
2321
2322
2323
2324
2325
2326
2327
2328
2329
2330
2331
2332
2333
2334
2335
2336
2337
2338
2339
2340
2341
2342
2343
2344
2345
2346
2347
2348
2349
2350
2351
2352
2353
2354
2355
2356
2357
2358
2359
2360
2361
2362
2363
2364
2365
2366
2367
2368
2369
2370
2371
2372
2373
2374
2375
2376
2377
2378
2379
2380
2381
2382
2383
2384
2385
2386
2387
2388
2389
2390
2391
2392
2393
2394
2395
2396
2397
2398
2399
2400
2401
2402
2403
2404
2405
2406
2407
2408
2409
2410
2411
2412
2413
2414
2415
2416
2417
2418
2419
2420
2421
2422
2423
2424
2425
2426
2427
2428
2429
2430
2431
2432
2433
2434
2435
2436
2437
2438
2439
2440
2441
2442
2443
2444
2445
2446
2447
2448
2449
2450
2451
2452
2453
2454
2455
2456
2457
2458
2459
2460
2461
2462
2463
2464
2465
2466
2467
2468
2469
2470
2471
2472
2473
2474
2475
2476
2477
2478
2479
2480
2481
2482
2483
2484
2485
2486
2487
2488
2489
2490
2491
2492
2493
2494
2495
2496
2497
2498
2499
2500
2501
2502
2503
2504
2505
2506
2507
2508
2509
2510
2511
2512
2513
2514
2515
2516
2517
2518
2519
2520
2521
2522
2523
2524
2525
2526
2527
2528
2529
2530
2531
2532
2533
2534
2535
2536
2537
2538
2539
2540
2541
2542
2543
2544
2545
2546
2547
2548
2549
2550
2551
2552
2553
2554
2555
2556
2557
2558
2559
2560
2561
2562
2563
2564
2565
2566
2567
2568
2569
2570
2571
2572
2573
2574
2575
2576
2577
2578
2579
2580
2581
2582
2583
2584
2585
2586
2587
2588
2589
2590
2591
2592
2593
2594
2595
2596
2597
2598
2599
2600
2601
2602
2603
2604
2605
2606
2607
2608
2609
2610
2611
2612
2613
2614
2615
2616
2617
2618
2619
2620
2621
2622
2623
2624
2625
2626
2627
2628
2629
2630
2631
2632
2633
2634
2635
2636
2637
2638
2639
2640
2641
2642
2643
2644
2645
2646
2647
2648
2649
2650
2651
2652
2653
2654
2655
2656
2657
2658
2659
2660
2661
2662
2663
2664
2665
2666
2667
2668
2669
2670
2671
2672
2673
2674
2675
2676
2677
2678
2679
2680
2681
2682
2683
2684
2685
2686
2687
2688
2689
2690
2691
2692
2693
2694
2695
2696
2697
2698
2699
2700
2701
2702
2703
2704
2705
2706
2707
2708
2709
2710
2711
2712
2713
2714
2715
2716
2717
2718
2719
2720
2721
2722
2723
2724
2725
2726
2727
2728
2729
2730
2731
2732
2733
2734
2735
2736
2737
2738
2739
2740
2741
2742
2743
2744
2745
2746
2747
2748
2749
2750
2751
2752
2753
2754
2755
2756
2757
2758
2759
2760
2761
2762
2763
2764
2765
2766
2767
2768
2769
2770
2771
2772
2773
2774
2775
2776
2777
2778
2779
2780
2781
2782
2783
2784
2785
2786
2787
2788
2789
2790
2791
2792
2793
2794
2795
2796
2797
2798
2799
2800
2801
2802
2803
2804
2805
2806
2807
2808
2809
2810
2811
2812
2813
2814
2815
2816
2817
2818
2819
2820
2821
2822
2823
2824
2825
2826
2827
2828
2829
2830
2831
2832
2833
2834
2835
2836
2837
2838
2839
2840
2841
2842
2843
2844
2845
2846
2847
2848
2849
2850
2851
2852
2853
2854
2855
2856
2857
2858
2859
2860
2861
2862
2863
2864
2865
2866
2867
2868
2869
2870
2871
2872
2873
2874
2875
2876
2877
2878
2879
2880
2881
2882
2883
2884
2885
2886
2887
2888
2889
2890
2891
2892
2893
2894
2895
2896
2897
2898
2899
2900
2901
2902
2903
2904
2905
2906
2907
2908
2909
2910
2911
2912
2913
2914
2915
2916
2917
2918
2919
2920
2921
2922
2923
2924
2925
2926
2927
2928
2929
2930
2931
2932
2933
2934
2935
2936
2937
2938
2939
2940
2941
2942
2943
2944
2945
2946
2947
2948
2949
2950
2951
2952
2953
2954
2955
2956
2957
2958
2959
2960
2961
2962
2963
2964
2965
2966
2967
2968
2969
2970
2971
2972
2973
2974
2975
2976
2977
2978
2979
2980
2981
2982
2983
2984
2985
2986
2987
2988
2989
2990
2991
2992
2993
2994
2995
2996
2997
2998
2999
3000
3001
3002
3003
3004
3005
3006
3007
3008
3009
3010
3011
3012
3013
3014
3015
3016
3017
3018
3019
3020
3021
3022
3023
3024
3025
3026
3027
3028
3029
3030
3031
3032
3033
3034
3035
3036
3037
3038
3039
3040
3041
3042
3043
3044
3045
3046
3047
3048
3049
3050
3051
3052
3053
3054
3055
3056
3057
3058
3059
3060
3061
3062
3063
3064
3065
3066
3067
3068
3069
3070
3071
3072
3073
3074
3075
3076
3077
3078
3079
3080
3081
3082
3083
3084
3085
3086
3087
3088
3089
3090
3091
3092
3093
3094
3095
3096
3097
3098
3099
3100
3101
3102
3103
3104
3105
3106
3107
3108
3109
3110
3111
3112
3113
3114
3115
3116
3117
3118
3119
3120
3121
3122
3123
3124
3125
3126
3127
3128
3129
3130
3131
3132
3133
3134
3135
3136
3137
3138
3139
3140
3141
3142
3143
3144
3145
3146
3147
3148
3149
3150
3151
3152
3153
3154
3155
3156
3157
3158
3159
3160
3161
3162
3163
3164
3165
3166
3167
3168
3169
3170
3171
3172
3173
3174
3175
3176
3177
3178
3179
3180
3181
3182
3183
3184
3185
3186
3187
3188
3189
3190
3191
3192
3193
3194
3195
3196
3197
3198
3199
3200
3201
3202
3203
3204
3205
3206
3207
3208
3209
3210
3211
3212
3213
3214
3215
3216
3217
3218
3219
3220
3221
3222
3223
3224
3225
3226
3227
3228
3229
3230
3231
3232
3233
3234
3235
3236
3237
3238
3239
3240
3241
3242
3243
3244
3245
3246
3247
3248
3249
3250
3251
3252
3253
3254
3255
3256
3257
3258
3259
3260
3261
3262
3263
3264
3265
3266
3267
3268
3269
3270
3271
3272
3273
3274
3275
3276
3277
3278
3279
3280
3281
3282
3283
3284
3285
3286
3287
3288
3289
3290
3291
3292
3293
3294
3295
3296
3297
3298
3299
3300
3301
3302
3303
3304
3305
3306
3307
3308
3309
3310
3311
3312
3313
3314
3315
3316
3317
3318
3319
3320
3321
3322
3323
3324
3325
3326
3327
3328
3329
3330
3331
3332
3333
3334
3335
3336
3337
3338
3339
3340
3341
3342
3343
3344
3345
3346
3347
3348
3349
3350
3351
3352
3353
3354
3355
3356
3357
3358
3359
3360
3361
3362
3363
3364
3365
3366
3367
3368
3369
3370
3371
3372
3373
3374
3375
3376
3377
3378
3379
3380
3381
3382
3383
3384
3385
3386
3387
3388
3389
3390
3391
3392
3393
3394
3395
3396
3397
3398
3399
3400
3401
3402
3403
3404
3405
3406
3407
3408
3409
3410
3411
3412
3413
3414
3415
3416
3417
3418
3419
3420
3421
3422
3423
3424
3425
3426
3427
3428
3429
3430
3431
3432
3433
3434
3435
3436
3437
3438
3439
3440
3441
3442
3443
3444
3445
3446
3447
3448
3449
3450
3451
3452
3453
3454
3455
3456
3457
3458
3459
3460
3461
3462
3463
3464
3465
3466
3467
3468
3469
3470
3471
3472
3473
3474
3475
3476
3477
3478
3479
3480
3481
3482
3483
3484
3485
3486
3487
3488
3489
3490
3491
3492
3493
3494
3495
3496
3497
3498
3499
3500
3501
3502
3503
3504
3505
3506
3507
3508
3509
3510
3511
3512
3513
3514
3515
3516
3517
3518
3519
3520
3521
3522
3523
3524
3525
3526
3527
3528
3529
3530
3531
3532
3533
3534
3535
3536
3537
3538
3539
3540
3541
3542
3543
3544
3545
3546
3547
3548
3549
3550
3551
3552
3553
3554
3555
3556
3557
3558
3559
3560
3561
3562
3563
3564
3565
3566
3567
3568
3569
3570
3571
3572
3573
3574
3575
3576
3577
3578
3579
3580
3581
3582
3583
3584
3585
3586
3587
3588
3589
3590
3591
3592
3593
3594
3595
3596
3597
3598
3599
3600
3601
3602
3603
3604
3605
3606
3607
3608
3609
3610
3611
3612
3613
3614
3615
3616
3617
3618
3619
3620
3621
3622
3623
3624
3625
3626
3627
3628
3629
3630
3631
3632
3633
3634
3635
3636
3637
3638
3639
3640
3641
3642
3643
3644
3645
3646
3647
3648
3649
3650
3651
3652
3653
3654
3655
3656
3657
3658
3659
3660
3661
3662
3663
3664
3665
3666
3667
3668
3669
3670
3671
3672
3673
3674
3675
3676
3677
3678
3679
3680
3681
3682
3683
3684
3685
3686
3687
3688
3689
3690
3691
3692
3693
3694
3695
3696
3697
3698
3699
3700
3701
3702
3703
3704
3705
3706
3707
3708
3709
3710
3711
3712
3713
3714
3715
3716
3717
3718
3719
3720
3721
3722
3723
3724
3725
3726
3727
3728
3729
3730
3731
3732
3733
3734
3735
3736
3737
3738
3739
3740
3741
3742
3743
3744
3745
3746
3747
3748
3749
3750
3751
3752
3753
3754
3755
3756
3757
3758
3759
3760
3761
3762
3763
3764
3765
3766
3767
3768
3769
3770
3771
3772
3773
3774
3775
3776
3777
3778
3779
3780
3781
3782
3783
3784
3785
3786
3787
3788
3789
3790
3791
3792
3793
3794
3795
3796
3797
3798
3799
3800
3801
3802
3803
3804
3805
3806
3807
3808
3809
3810
3811
3812
3813
3814
3815
3816
3817
3818
3819
3820
3821
3822
3823
3824
3825
3826
3827
3828
3829
3830
3831
3832
3833
3834
3835
3836
3837
3838
3839
3840
3841
3842
3843
3844
3845
3846
3847
3848
3849
3850
3851
3852
3853
3854
3855
3856
3857
3858
3859
3860
3861
3862
3863
3864
3865
3866
3867
3868
3869
3870
3871
3872
3873
3874
3875
3876
3877
3878
3879
3880
3881
3882
3883
3884
3885
3886
3887
3888
3889
3890
3891
3892
3893
3894
3895
3896
3897
3898
3899
3900
3901
3902
3903
3904
3905
3906
3907
3908
3909
3910
3911
3912
3913
3914
3915
3916
3917
3918
3919
3920
3921
3922
3923
3924
3925
3926
3927
3928
3929
3930
3931
3932
3933
3934
3935
3936
3937
3938
3939
3940
3941
3942
3943
3944
3945
3946
3947
3948
3949
3950
3951
3952
3953
3954
3955
3956
3957
3958
3959
3960
3961
3962
3963
3964
3965
3966
3967
3968
3969
3970
3971
3972
3973
3974
3975
3976
3977
3978
3979
3980
3981
3982
3983
3984
3985
3986
3987
3988
3989
3990
3991
3992
3993
3994
3995
3996
3997
3998
3999
4000






p2802 HIP CALC VALUES
0.992973
0.946732
0.943798
0.928178
0.843013
0.632753
0.334572
0.030480
-0.197237
-0.266112
-0.196361
-0.042654
0.225672
0.639054
1.227774
2.053212
3.094787
4.260396
5.458791
6.599204
7.679817
8.762706
9.852454
10.953195
12.068826
13.200460
14.345862
15.503152
16.669454
17.841070
19.052737
20.305275
21.544088
22.715029
23.764242
24.676122
25.486711
26.219832
26.899429
27.549493
28.178202
28.769850
29.312686
29.795205
30.206210
30.550362
30.836622
31.059672
31.212954
31.288699
31.251921
31.106644
30.902993
30.691212
30.521550
30.371693
30.207135
30.059991
29.962773
29.948413
30.055899
30.262929
30.511091
30.742379
30.899182
30.962023
30.969838
30.952987
30.941955
30.967172
31.079933
31.259786
31.429178
31.510809
31.427760
31.168529
30.783063
30.287842
29.701061
29.042455
28.247450
27.305494
26.317188
25.381767
24.597014
24.028110
23.608788
23.238872
22.818294
22.247066
21.484995
20.598390
19.647408
18.692477
17.794202
16.953933
16.132012
15.327363
14.538565
13.763825
12.995103
12.233229
11.489517
10.775551
10.103135
9.471936
8.873905
8.309279
7.778317
7.281304
6.839271
6.451694
6.086698
5.712604
5.297901
4.820261
4.300775
3.773209
3.271368
2.829074
2.456136
2.130090
1.836341
1.560268
1.287258
1.021171
0.771830
0.533617
0.300934
0.068190
-0.175445
-0.425897
-0.666609
-0.881391
-1.054443
-1.230720
-1.421159
-1.559395
-1.579408
-1.415631
-1.061043
-0.562225
0.067001
0.815206
1.673577
2.729002
3.991205
5.336539
6.639685
7.773515
8.652461
9.360775
10.024923
10.771326
11.726804
12.956761
14.377549
15.892690
17.404503
18.814261
20.146854
21.467098
22.735373
23.912291
24.958935
25.851121
26.614685
27.286136
27.902285
28.500297
29.096494
29.668225
30.194074
30.651778
31.018010
31.286401
31.474386
31.591486
31.644372
31.637313
31.524032
31.298087
31.023629
30.765367
30.587961
30.501104
30.461549
30.454475
30.464904
30.477764
30.518346
30.595086
30.668820
30.702118
30.659215
30.514311
30.293837
30.040658
29.797067
29.604083
29.515005
29.497350
29.463567
29.330802
29.021197
28.506878
27.841055
27.071486
26.247332
25.418683
24.572118
23.676451
22.754544
21.828827
20.921494
20.039574
19.167266
18.292541
17.404103
16.491527
15.537423
14.550857
13.560703
12.594088
11.676420
10.785739
9.904063
9.061876
8.289740
7.618102
7.078227
6.649618
6.284684
5.935485
5.553650
5.146688
4.745395
4.336959
3.909759
3.453116
2.938031
2.372009
1.799466
1.265109
0.814113
0.473042
0.211993
-0.008212
-0.226674
-0.482366
-0.786284
-1.111709
-1.441071
-1.757135
-2.043100
-2.320339
-2.599997
-2.850496
-3.040675
-3.140216
-3.189013
-3.211139
-3.152511
-2.956987
-2.565861
-1.906192
-1.017837
-0.007905
1.018438
1.957741
2.776629
3.547737
4.326420
5.167343
6.124976
7.195391
8.343352
9.576216
10.901002
12.323793
13.923018
15.694009
17.516472
19.269650
20.832840
22.194902
23.434640
24.566983
25.607314
26.571230
27.448718
28.229129
28.927510
29.559830
30.143105
30.703660
31.232683
31.694648
32.053074
32.270378
32.298181
32.162519
31.935178
31.686030
31.483303
31.294498
31.070650
30.855871
30.695518
30.635693
30.737970
30.972188
31.247086
31.471445
31.554212
31.457140
31.240634
30.961996
30.679120
30.450278
30.312404
30.226925
30.138387
29.991070
29.729136
29.355789
28.905389
28.370855
27.748515
27.037661
26.186854
25.200747
24.162787
23.155019
22.258041
21.501764
20.831922
20.201131
19.561352
18.864216
18.103697
17.311034
16.494459
15.662470
14.823430
13.951555
13.042422
12.135657
11.270064
10.483737
9.780440
9.134088
8.537767
7.984632
7.467757
7.017910
6.639243
6.284932
5.908484
5.463741
4.919192
4.305806
3.671308
3.063347
2.529503
2.082591
1.690773
1.334717
0.995249
0.653340
0.312048
-0.015745
-0.334182
-0.647350
-0.959330
-1.279722
-1.605758
-1.923013
-2.217083
-2.473617
-2.724844
-2.980532
-3.193100
-3.315590
-3.301765
-3.180018
-2.984589
-2.677598
-2.219582
-1.569106
-0.627119
0.579388
1.905122
3.205226
4.335051
5.222736
5.967431
6.680309
7.471455
8.450351
9.636611
10.958284
12.387523
13.895987
15.454503
17.144450
18.985485
20.854138
22.625949
24.175967
25.481039
26.623120
27.635032
28.549789
29.400551
30.178260
30.861474
31.464954
32.003595
32.492361
32.953038
33.378078
33.737508
33.999848
34.131985
34.086724
33.885529
33.596141
33.285201
33.018571
32.771050
32.496115
32.228462
32.003360
31.856209
31.827093
31.892834
31.994051
32.071395
32.065613
31.948935
31.761132
31.544455
31.341259
31.193784
31.147963
31.175521
31.206951
31.172903
31.003987
30.714688
30.346834
29.874309
29.276300
28.537142
27.574884
26.405735
25.162064
23.974213
22.970465
22.202763
21.584888
21.035895
20.474149
19.817518
19.047109
18.216531
17.352942
16.483879
15.637001
14.796599
13.945764
13.109747
12.312752
11.577905
10.903030
10.271932
9.686016
9.146738
8.655544
8.243945
7.910291
7.606480
7.284690
6.897281
6.428286
5.909469
5.364899
4.818649
4.294777
3.787926
3.281649
2.783637
2.302040
1.845550
1.421143
1.023978
0.645318
0.276114
-0.093070
-0.470720
-0.850257
-1.218907
-1.564011
-1.873025
-2.179971
-2.493310
-2.762232
-2.936026
-2.964442
-2.850054
-2.628609
-2.299929
-1.862936
-1.315513
-0.603640
0.267991
1.216267
2.161766
3.028563
3.767958
4.434604
5.108111
5.866816
6.788583
7.893195
9.129616
10.469905
11.885820
13.348174
14.924306
16.634036
18.374923
20.043594
21.536224
22.842278
24.029400
25.111325
26.102058
27.015647
27.848235
28.590283
29.247668
29.827160
30.336613
30.786186
31.174636
31.492138
31.726350
31.862185
31.845561
31.685508
31.458719
31.240865
31.106953
31.063421
31.057611
31.076640
31.108028
31.139228
31.213310
31.338800
31.451461
31.487275
31.382464
31.081358
30.626848
30.103367
29.595711
29.188717
28.926122
28.751394
28.598463
28.401256
28.093739
27.679495
27.199116
26.644114
26.009863
25.295431
24.455600
23.495387
22.489701
21.511796
20.633360
19.872983
19.182567
18.532185
17.891216
17.228585
16.550617
15.877140
15.197629
14.501651
13.778600
13.010154
12.203986
11.388042
10.589808
9.836330
9.114312
8.405298
7.728350
7.102600
6.547188
6.084899
5.702578
5.365521
5.039240
4.689450
4.319874
3.953403
3.584621
3.208125
2.818530
2.404064
1.968209
1.528721
1.103629
0.711175
0.356865
0.028921
-0.280264
-0.578327
-0.872931
-1.170368
-1.465630
-1.749337
-2.011909
-2.243539
-2.472763
-2.705621
-2.898744
-3.009357
-2.995600
-2.876297
-2.682261
-2.389930
-1.974489
-1.409501
-0.630950
0.342278
1.415087
2.494345
3.488619
4.358048
5.167100
5.980774
6.862818
7.876258
9.042304
10.319563
11.676891
13.082549
14.504126
15.998401
17.586517
19.181671
20.696599
22.043805
23.205669
24.240010
25.172512
26.028961
26.835213
27.588619
28.272529
28.892058
29.452817
29.960825
30.438449
30.884386
31.268417
31.558961
31.723025
31.722264
31.579257
31.349724
31.087252
30.843466
30.582974
30.266743
29.941402
29.654941
29.456169
29.381188
29.397663
29.452642
29.493575
29.468380
29.354291
29.187432
29.003799
28.838375
28.725193
28.714225
28.782193
28.852814
28.849795
28.696508
28.405724
28.025268
27.532587
26.909220
26.140742
25.143932
23.933868
22.643916
21.404991
20.345141
19.510550
18.814618
18.183823
17.544243
16.821804
15.997329
15.119416
14.216249
13.316078
12.446902
11.597657
10.750483
9.922384
9.129642
8.387920
7.690461
7.026137
6.403868
5.832566
5.320974
4.899120
4.560636
4.259698
3.950838
3.588924
3.160557
2.695858
2.215287
1.739440
1.289064
0.866936
0.459519
0.063219
-0.325581
-0.710545
-1.095274
-1.477321
-1.851185
-2.211165
-2.551307
-2.874318
-3.183349
-3.473233
-3.739385
-3.977916
-4.225543
-4.485557
-4.704717
-4.830220
-4.809964
-4.675300
-4.465334
-4.138978
-3.652804
-2.960459
-1.946206
-0.639346
0.791677
2.178289
3.351494
4.217077
4.890325
5.515525
6.235432
7.191927
8.438465
9.881745
11.443245
13.043001
14.599783
16.161733
17.781793
19.385091
20.896901
22.242711
23.397659
24.410696
25.318123
26.156498
26.962770
27.747337
28.486093
29.165272
29.772034
30.294379
30.739901
31.121842
31.434879
31.670259
31.815823
31.828587
31.714737
31.532743
31.339978
31.192773
31.087284
30.981433
30.875175
30.770130
30.669264
30.589611
30.530233
30.467989
30.379499
30.241161
30.035585
29.778729
29.497328
29.218604
28.970000
28.780343
28.632151
28.482815
28.289684
28.009644
27.668537
27.288650
26.824054
26.236139
25.493553
24.535413
23.389108
22.157421
20.941207
19.839583
18.861591
17.940390
17.059450
16.201721
15.350005
14.509121
13.689855
12.884620
12.085850
11.285629
10.469670
9.644518
8.832498
8.054870
7.331949
6.654074
6.007095
5.404194
4.858403
4.382403
4.013083
3.741349
3.510911
3.266005
2.951268
2.560535
2.130893
1.671929
1.193215
0.704397
0.182442
-0.379458
-0.946936
-1.485234
-1.959206
-2.352837
-2.688873
-2.990160
-3.279720
-3.580759
-3.919343
-4.279630
-4.622379
-4.908806
-5.100681
-5.222181
-5.299910
-5.299788
-5.187837
-4.930365
-4.528833
-4.009443
-3.374642
-2.624449
-1.756154
-0.691072
0.570337
1.914180
3.226960
4.395491
5.335889
6.125658
6.893391
7.766927
8.873901
10.298987
11.959150
13.729510
15.483146
17.092190
18.569035
19.997372
21.356225
22.625021
23.783533
24.823022
25.756295
26.595652
27.354293
28.046561
28.685268
29.262744
29.763877
30.173936
30.478347
30.656488
30.724395
30.718015
30.666740
30.594087
30.447838
30.205003
29.932485
29.698924
29.573654
29.589227
29.699201
29.854995
30.008570
30.112644
30.196792
30.292738
30.357182
30.347130
30.219943
29.917790
29.470783
28.967780
28.496427
28.142788
27.973175
27.926910
27.899438
27.788496
27.494110
27.006014
26.390631
25.665641
24.850843
23.967637
22.957069
21.807659
20.611529
19.459788
18.442159
17.587984
16.836233
16.140016
15.452758
14.728294
13.964446
13.192775
12.417834
11.643490
10.872739
10.086530
9.282770
8.489125
7.733082
7.041966
6.421764
5.853804
5.328362
4.835653
4.365757
3.937819
3.557679
3.195754
2.823083
2.411274
1.947287
1.450446
0.941187
0.439911
-0.033051
-0.482632
-0.922791
-1.346555
-1.746501
-2.114684
-2.443050
-2.736486
-3.005963
-3.262280
-3.515994
-3.780424
-4.046879
-4.293404
-4.499281
-4.645162
-4.759086
-4.855181
-4.894386
-4.838125
-4.648744
-4.339437
-3.941617
-3.443450
-2.828622
-2.076002
-1.094988
0.103132
1.390083
2.637935
3.718832
4.537230
5.180423
5.794091
6.523276
7.513237
8.848625
10.434397
12.146048
13.857102
15.439886
16.913263
18.361081
19.752758
21.057911
22.246407
23.298701
24.234735
25.083639
25.874738
26.637653
27.384844
28.097266
28.758182
29.351665
29.862465
30.302813
30.687801
31.004229
31.235143
31.359976
31.326327
31.144227
30.884978
30.620331
30.422187
30.296234
30.191626
30.096445
30.000249
29.894152
29.791591
29.699320
29.599663
29.474951
29.307516
29.066213
28.764205
28.449912
28.170982
27.973966
27.914609
27.960004
28.023097
28.018137
27.860343
27.558998
27.165226
26.660850
26.035112
25.283933
24.348204
23.236482
22.047046
20.877200
19.823621
18.903528
18.051596
17.239998
16.441038
15.627320
14.805512
13.994234
13.184468
12.366993
11.532166
10.662307
9.764695
8.866108
7.992469
7.168999
6.381739
5.612935
4.881979
4.208361
3.611479
3.127405
2.743109
2.404450
2.057542
1.648528
1.157176
0.619219
0.064674
-0.476159
-0.972601
-1.422461
-1.846233
-2.246860
-2.627154
-2.989781
-3.334358
-3.658897
-3.963467
-4.248035
-4.512460
-4.776123
-5.038467
-5.269635
-5.440148
-5.521143
-5.537550
-5.509862
-5.403362
-5.183499
-4.816422
-4.274195
-3.587985
-2.809860
-1.984504
-1.148538
-0.285619
0.634557
1.600761
2.600960
3.622442
4.650352
5.695675
6.783338
7.937544
9.182017
10.566924
12.075979
13.632737
15.160506
16.582658
17.904281
19.175756
20.388442
21.533581
22.602313
23.582877
24.480357
25.311540
26.094121
26.846699
27.593307
28.323234
29.003424
29.600713
30.081873
30.437778
30.693419
30.864931
30.965717
31.006602
30.954740
30.799887
30.585992
30.357583
30.159493
29.993068
29.827565
29.660133
29.488244
29.309760
29.128341
28.945582
28.756863
28.557731
28.343817
28.091421
27.804847
27.520920
27.275186
27.101536
27.069247
27.150314
27.233625
27.212472
26.984753
26.527073
25.910099
25.175991
24.367762
23.529127
22.614151
21.597106
20.550592
19.545052
18.648718
17.897494
17.243638
16.629059
15.996303
15.288362
14.498170
13.664234
12.798015
11.910619
11.012699
10.065092
9.060759
8.058028
7.114972
6.289421
5.598737
5.003961
4.478441
3.995493
3.528204
3.098550
2.724420
2.372541
2.009606
1.602236
1.131528
0.619339
0.093598
-0.417517
-0.885606
-1.311093
-1.712818
-2.089777
-2.440901
-2.765042
-3.051141
-3.299999
-3.528038
-3.751436
-3.986094
-4.258531
-4.557300
-4.841512
-5.070908
-5.206030
-5.264017
-5.272446
-5.208273
-5.048575
-4.770604
-4.384977
-3.910476
-3.335306
-2.645329
-1.823870
-0.790429
0.445633
1.768254
3.061748
4.210613
5.141468
5.933741
6.700344
7.553173
8.603464
9.922571
11.436442
13.037644
14.618108
16.069495
17.406321
18.699950
19.927284
21.065447
22.091741
22.986184
23.763677
24.453816
25.086474
25.691953
26.284064
26.843230
27.350689
27.788452
28.139193
28.405494
28.603780
28.735455
28.798310
28.786592
28.651534
28.393967
28.080144
27.776117
27.547613
27.392934
27.264692
27.161141
27.082036
27.028554
27.038831
27.113627
27.198965
27.240298
27.182440
26.981109
26.673609
26.326392
26.005515
25.776661
25.685651
25.688693
25.716585
25.699865
25.567881
25.345882
25.071515
24.696658
24.184965
23.511309
22.608077
21.501554
20.309315
19.146715
18.127408
17.284732
16.541215
15.843011
15.136576
14.368761
13.533216
12.665370
11.775233
10.872687
9.967265
9.038142
8.079540
7.122772
6.198525
5.336984
4.527075
3.748196
3.016125
2.346570
1.754978
1.273293
0.891365
0.561131
0.234310
-0.137684
-0.565093
-1.016049
-1.476018
-1.930238
-2.363736
-2.783675
-3.200168
-3.602358
-3.979220
-4.319590
-4.623630
-4.898811
-5.144762
-5.360902
-5.546391
-5.692207
-5.798483
-5.877979
-5.943583
-6.008363
-6.098862
-6.206224
-6.290854
-6.313614
-6.236036
-6.088956
-5.900374
-5.627895
-5.228453
-4.658201
-3.835951
-2.794195
-1.656814
-0.544074
0.427170
1.194885
1.841713
2.468341
3.173592
4.055058
5.135392
6.350054
7.665358
9.046899
10.459506
11.970104
13.601265
15.250651
16.815904
18.194763
19.360490
20.380856
21.295478
22.143911
22.965522
23.760929
24.503102
25.190453
25.822706
26.401056
26.956869
27.492392
27.965701
28.334196
28.554550
28.596049
28.491787
28.290101
28.034143
27.762365
27.397566
26.907619
26.398178
25.976493
25.750409
25.787812
26.015591
26.330980
26.632918
26.822218
26.888367
26.899109
26.873561
26.830701
26.789534
26.743992
26.683066
26.617820
26.558142
26.511904
26.525831
26.587554
26.617355
26.541919
26.294586
25.843316
25.236328
24.530947
23.784516
23.054533
22.328062
21.569330
20.800134
20.040331
19.307952
18.618866
17.958456
17.298778
16.612988
15.875176
15.065913
14.204203
13.321928
12.450048
11.618432
10.819122
10.032236
9.268693
8.539107
7.853932
7.226074
6.648382
6.101276
5.565030
5.019596
4.462706
3.908000
3.358709
2.817643
2.287166
1.761398
1.237928
0.724211
0.227976
-0.242798
-0.689453
-1.117623
-1.525323
-1.910248
-2.269866
-2.597601
-2.895060
-3.171794
-3.437137
-3.700116
-3.967459
-4.232653
-4.484773
-4.713090
-4.907095
-5.079292
-5.236559
-5.360349
-5.432514
-5.435516
-5.367209
-5.241074
-5.063577
-4.841118
-4.579986
-4.318827
-4.056826
-3.739928
-3.312424
-2.716575
-1.887201
-0.861240
0.268299
1.408564
2.466079
3.384563
4.229138
5.086956
6.044043
7.185750
8.580223
10.171172
11.856469
13.532494
15.094552
16.555007
17.982241
19.355628
20.654692
21.858726
22.969168
23.999767
24.947981
25.811554
26.588611
27.279752
27.887529
28.413051
28.856842
29.218641
29.490623
29.673093
29.776970
29.812644
29.789830
29.672156
29.452559
29.181916
28.908331
28.677570
28.494245
28.319703
28.136263
27.929101
27.686017
27.405077
27.096485
26.767856
26.425845
26.076126
25.742965
25.421996
25.076680
24.672488
24.177004
23.559136
22.845509
22.093208
21.360188
20.704073
20.162838
19.703248
19.274029
18.823305
18.299423
17.645799
16.901310
16.154619
15.489062
14.982301
14.664750
14.473406
14.346134
14.227123
14.066171
13.875226
13.688498
13.492200
13.274525
13.025752
12.732874
12.401724
12.051805
11.704205
11.381685
11.093093
10.824989
10.567087
10.308393
10.037282
9.744890
9.439164
9.132687
8.837185
8.563462
8.291890
8.013528
7.754296
7.539782
7.395207
7.333065
7.334230
7.375927
7.435115
7.488561
7.554072
7.644614
7.729868
7.779973
7.765616
7.679253
7.540921
7.362779
7.155766
6.929542
6.581228
6.103083
5.648414
5.371711
5.427947
5.873886
6.607634
7.546781
8.609683
9.715258
10.937211
12.331418
13.788520
15.198615
16.452411
17.501142
18.416742
19.272164
20.141234
21.098616
22.189744
23.367185
24.566494
25.722692
26.770406
27.707040
28.577866
29.388264
30.142476
30.843539
31.492352
32.085449
32.618519
33.087497
33.488645
33.823947
34.093677
34.292800
34.417864
34.466983
34.418947
34.275566
34.070698
33.838710
33.614560
33.374951
33.098514
32.822711
32.583897
32.417288
32.348322
32.352110
32.387941
32.415652
32.395618
32.322201
32.221188
32.101338
31.972583
31.845839
31.727187
31.612094
31.493681
31.362547
31.206676
31.060198
30.921066
30.725473
30.417948
29.951711
29.290630
28.474050
27.571114
26.648130
25.768912
24.935244
24.103160
23.266481
22.419470
21.556968
20.680322
19.793236
18.894874
17.984616
17.061901
16.116009
15.148791
14.177875
13.220096
12.291516
11.375245
10.459976
9.569641
8.728278
7.960072
7.288666
6.697971
6.152615
5.616861
5.054361
4.454608
3.841318
3.229154
2.632974
2.067810
1.533146
1.018637
0.524896
0.052799
-0.396490
-0.823871
-1.229781
-1.612172
-1.969043
-2.298432
-2.607910
-2.898641
-3.158871
-3.376599
-3.539652
-3.676136
-3.793358
-3.848301
-3.798414
-3.602034
-3.265532
-2.820466
-2.262824
-1.585882
-0.779972
0.258602
1.523690
2.862497
4.123454
5.156266
5.832648
6.254761
6.617948
7.116554
7.944501
9.199167
10.751376
12.455143
14.163890
15.731094
17.176900
18.598536
19.965159
21.245818
22.409574
23.441730
24.362381
25.192907
25.955154
26.671540
27.353583
27.987451
28.558527
29.052796
29.456638
29.760687
29.978889
30.129619
30.226684
30.279706
30.248468
30.120989
29.948875
29.785390
29.684885
29.666946
29.695308
29.741450
29.777221
29.774966
29.742493
29.698442
29.632045
29.532899
29.391016
29.177779
28.902158
28.609497
28.342906
28.142893
28.069757
28.090319
28.105189
28.019012
27.740813
27.248047
26.603052
25.846391
25.020053
24.166488
23.258954
22.269807
21.239496
20.209840
19.224242
18.284124
17.360706
16.452721
15.559180
14.679454
13.827968
13.006188
12.193828
11.369847
10.512432
9.583007
8.595785
7.607546
6.674928
5.854352
5.168598
4.579294
4.051203
3.549532
3.039797
2.531878
2.049050
1.576975
1.101220
0.607209
0.077345
-0.479302
-1.037077
-1.569832
-2.050915
-2.472880
-2.853123
-3.201915
-3.529570
-3.846406
-4.169382
-4.491392
-4.786780
-5.030073
-5.196050
-5.319539
-5.417678
-5.439149
-5.332980
-5.048895
-4.568452
-3.929339
-3.164768
-2.305048
-1.377355
-0.331973
0.850783
2.100997
3.349116
4.525801
5.568388
6.524629
7.490766
8.562839
9.837018
11.400456
13.189924
15.075460
16.926350
18.612448
20.142186
21.602060
22.979472
24.261550
25.435140
26.496349
27.452667
28.308151
29.068302
29.740381
30.331699
30.840592
31.261941
31.590076
31.818526
31.934842
31.947751
31.878373
31.742830
31.552800
31.246552
30.809431
30.323910
29.874732
29.548367
29.372717
29.291777
29.267052
29.259441
29.229305
29.207380
29.219588
29.219084
29.159615
28.995562
28.675584
28.231828
27.743149
27.286591
26.937407
26.749312
26.669105
26.611567
26.492668
26.229348
25.822917
25.327007
24.739904
24.063724
23.303659
22.409371
21.381910
20.302516
19.250416
18.303073
17.469260
16.695298
15.964457
15.260513
14.567486
13.904516
13.282761
12.674242
12.050762
11.383849
10.639352
9.836444
9.026269
8.259805
7.587932
7.027051
6.543440
6.112614
5.709658
5.309072
4.928570
4.584324
4.248422
3.893474
3.492560
3.040515
2.555255
2.044824
1.517428
0.981499
0.414872
-0.187803
-0.792617
-1.365677
-1.873144
-2.301945
-2.674624
-3.010671
-3.329267
-3.649266
-3.989298
-4.335697
-4.659356
-4.932129
-5.127111
-5.309118
-5.498960
-5.604645
-5.533891
-5.194126
-4.501250
-3.523327
-2.391989
-1.232859
-0.165711
0.795242
1.736785
2.691942
3.691248
4.763514
5.896188
7.070412
8.305299
9.620112
11.033574
12.621792
14.372124
16.168591
17.894915
19.435182
20.769170
21.973324
23.077359
24.111044
25.104113
26.060025
26.959233
27.797374
28.570911
29.277176
29.939554
30.563332
31.118658
31.574594
31.898989
32.058280
32.077698
32.008430
31.896159
31.781786
31.632874
31.414897
31.165677
30.924499
30.731059
30.603126
30.514712
30.440330
30.354465
30.231572
30.083814
29.928334
29.747415
29.523825
29.240830
28.873028
28.433883
27.964032
27.501975
27.083979
26.745776
26.458311
26.161501
25.798729
25.316676
24.711295
24.021082
23.257777
22.432346
21.555238
20.583231
19.510543
18.402842
17.324438
16.338153
15.467936
14.671270
13.910743
13.149082
12.348841
11.492258
10.604924
9.713761
8.845159
8.025160
7.239269
6.470075
5.739180
5.067967
4.477272
4.004781
3.635870
3.312597
2.977792
2.574927
2.082231
1.537132
0.972179
0.420246
-0.085366
-0.543264
-0.975654
-1.384073
-1.769867
-2.134216
-2.467591
-2.768924
-3.051872
-3.329861
-3.616084
-3.921444
-4.236174
-4.542923
-4.825066
-5.066809
-5.330052
-5.626868
-5.867629
-5.962950
-5.823905
-5.429558
-4.845331
-4.109279
-3.254164
-2.307405
-1.189696
0.122069
1.518441
2.889156
4.123355
5.139330
6.011948
6.864571
7.820670
9.004168
10.505435
12.243346
14.083713
15.890570
17.526845
18.990760
20.372044
21.670869
22.887968
24.024412
25.065394
26.009622
26.878651
27.695104
28.482948
29.275491
30.058627
30.786535
31.413761
31.895092
32.215701
32.411689
32.510472
32.533688
32.497566
32.360364
32.104454
31.781237
31.443858
31.146579
30.883516
30.618648
30.361867
30.122965
29.911626
29.737914
29.594945
29.467191
29.339543
29.197338
29.050067
28.908623
28.759942
28.589689
28.382250
28.174961
27.974468
27.720470
27.355935
26.826974
26.088176
25.178723
24.172913
23.144531
22.166886
21.234072
20.298034
19.367861
18.451812
17.556980
16.690633
15.846076
15.009429
14.167740
13.308710
12.425708
11.528114
10.627545
9.734918
8.860473
7.971072
7.059526
6.174459
5.364493
4.678182
4.156615
3.766669
3.445702
3.131576
2.762588
2.340348
1.906322
1.458885
0.996421
0.517288
0.005620
-0.537547
-1.088382
-1.622839
-2.116669
-2.572895
-3.007691
-3.416292
-3.793666
-4.134454
-4.440938
-4.716034
-4.955377
-5.155034
-5.311533
-5.453766
-5.584500
-5.661439
-5.642425
-5.485753
-5.209049
-4.842821
-4.364669
-3.750891
-2.976338
-1.940287
-0.661480
0.708465
2.020645
3.128980
3.929293
4.523401
5.074426
5.743129
6.688666
7.982162
9.518163
11.190203
12.890436
14.510018
16.089956
17.701535
19.280969
20.764534
22.088498
23.231238
24.234448
25.129560
25.948565
26.723961
27.470188
28.165502
28.789586
29.323872
29.751399
30.079315
30.324174
30.481553
30.543594
30.499280
30.273793
29.871389
29.397988
28.959892
28.663605
28.510969
28.428737
28.411695
28.455599
28.556847
28.782451
29.133785
29.509923
29.811709
29.941989
29.851408
29.607972
29.290362
28.975044
28.736397
28.621677
28.579315
28.535046
28.415514
28.147882
27.730730
27.211805
26.592748
25.876987
25.069671
24.111163
23.000391
21.830637
20.694306
19.682217
18.821599
18.051801
17.329858
16.612338
15.855614
15.053328
14.234074
13.406913
12.580763
11.764135
10.948391
10.127979
9.315550
8.523585
7.764418
7.019489
6.280129
5.573420
4.926547
4.366831
3.932310
3.604860
3.327647
3.043652
2.695595
2.272327
1.811778
1.330223
0.844079
0.369868
-0.102656
-0.584671
-1.060779
-1.515331
-1.932490
-2.314470
-2.671911
-3.001422
-3.299331
-3.561542
-3.790256
-3.987286
-4.147815
-4.267571
-4.342961
-4.383324
-4.391059
-4.353147
-4.257340
-4.092762
-3.913673
-3.733736
-3.480687
-3.078262
-2.445573
-1.465862
-0.192245
1.205989
2.561324
3.707555
4.533248
5.152996
5.739324
6.463663
7.497192
8.939118
10.676487
12.561740
14.445815
16.179265
17.784335
19.359541
20.869968
22.280622
23.556506
24.680389
25.675482
26.567484
27.382346
28.146306
28.868699
29.533063
30.127957
30.642986
31.068559
31.423439
31.719735
31.935073
32.042638
32.011438
31.757177
31.295569
30.743983
30.220932
29.845752
29.635608
29.508457
29.436371
29.393048
29.353780
29.349496
29.398760
29.458822
29.485827
29.434920
29.279981
29.050878
28.785817
28.522591
28.297970
28.171213
28.111989
28.023885
27.815947
27.403353
26.748483
25.912547
24.962041
23.962498
22.978412
21.987668
20.947082
19.888679
18.845050
17.849168
16.914245
16.017690
15.139202
14.259312
13.359129
12.430584
11.487499
10.543305
9.610728
8.701910
7.797880
6.889791
6.004748
5.170048
4.413112
3.762501
3.199732
2.681780
2.165767
1.608853
1.003419
0.378270
-0.254889
-0.884454
-1.498979
-2.120662
-2.757585
-3.377029
-3.945952
-4.430946
-4.816372
-5.124130
-5.376822
-5.597125
-5.807806
-6.018560
-6.213824
-6.378844
-6.499306
-6.561395
-6.592854
-6.603685
-6.554087
-6.404710
-6.116995
-5.689816
-5.154301
-4.518710
-3.787089
-2.959129
-1.970415
-0.818237
0.407816
1.618370
2.724263
3.647902
4.450805
5.251972
6.169710
7.322233
8.797278
10.517361
12.351923
14.168613
15.834671
17.360956
18.834939
20.239088
21.555951
22.768178
23.861661
24.847572
25.746569
26.579843
27.369179
28.131317
28.852622
29.510260
30.082120
30.546931
30.901693
31.167438
31.355347
31.469600
31.507977
31.421213
31.204385
30.920768
30.634919
30.411596
30.259300
30.134124
30.022560
29.912041
29.791178
29.681621
29.592007
29.492059
29.351205
29.138603
28.821991
28.423104
27.991114
27.573873
27.217818
26.965901
26.784323
26.604599
26.359964
25.985121
25.464940
24.841700
24.138982
23.384180
22.607771
21.795868
20.932373
20.043146
19.151889
18.280854
17.426402
16.570945
15.716245
14.865102
14.021047
13.176921
12.331826
11.498631
10.689501
9.915870
9.171040
8.447266
7.753735
7.099430
6.493124
5.942843
5.441923
4.977118
4.535379
4.103811
3.701166
3.335581
2.978604
2.602167
2.178562
1.690946
1.158134
0.605970
0.060166
-0.453661
-0.940405
-1.417501
-1.877842
-2.313852
-2.717578
-3.090050
-3.436123
-3.753455
-4.039608
-4.291900
-4.514780
-4.709249
-4.867430
-4.981852
-5.045818
-5.102301
-5.157054
-5.148777
-5.016626
-4.700308
-4.172874
-3.481838
-2.675230
-1.794791
-0.876276
0.132788
1.261661
2.442158
3.605264
4.681564
5.588116
6.372367
7.160530
8.079036
9.254508
10.799251
12.629409
14.576086
16.469497
18.140201
19.576326
20.889844
22.097728
23.216855
24.263871
25.241619
26.138447
26.949260
27.669728
28.296389
28.828733
29.270668
29.626395
29.900470
30.097539
30.214927
30.254299
30.223085
30.123408
29.952803
29.642646
29.188240
28.683442
28.223553
27.904677
27.760205
27.728861
27.764827
27.820170
27.844899
27.845466
27.853447
27.856212
27.842047
27.800030
27.731198
27.644345
27.539855
27.417164
27.274211
27.158207
27.063882
26.911956
26.629657
26.151280
25.431000
24.518748
23.495414
22.440370
21.431517
20.438340
19.410588
18.394047
17.432452
16.567517
15.832440
15.196566
14.605582
14.005902
13.344269
12.617338
11.861197
11.081632
10.283965
9.473063
8.604115
7.673639
6.748096
5.893806
5.176889
4.636006
4.226348
3.888890
3.565015
3.196377
2.787580
2.377368
1.958977
1.525972
1.072140
0.584615
0.067275
-0.460707
-0.979712
-1.469537
-1.930380
-2.375222
-2.802580
-3.211015
-3.599170
-3.965242
-4.309772
-4.635086
-4.943562
-5.237665
-5.552795
-5.887239
-6.188081
-6.402873
-6.480339
-6.475571
-6.428773
-6.265791
-5.908345
-5.273288
-4.206855
-2.763046
-1.165895
0.361822
1.598053
2.415255
2.964291
3.439749
4.035465
4.945618
6.252929
7.829795
9.555222
11.306350
12.958441
14.546037
16.151161
17.718932
19.194465
20.522985
21.674617
22.685185
23.598529
24.458598
25.309473
26.172196
27.017456
27.814757
28.534773
29.149191
29.666290
30.109239
30.470862
30.741571
30.909445
30.934984
30.825053
30.634986
30.419129
30.230747
30.041616
29.811818
29.577908
29.378466
29.253936
29.267104
29.392497
29.539266
29.616144
29.531466
29.213751
28.724873
28.172564
27.663880
27.304907
27.155369
27.142338
27.172482
27.153437
26.993857
26.721318
26.393459
25.967599
25.405946
24.674937
23.693847
22.491398
21.197961
19.941165
18.845093
17.935170
17.126109
16.373801
15.634774
14.866081
14.081007
13.308140
12.528083
11.721438
10.868613
9.937198
8.940844
7.928348
6.947915
6.047320
5.224967
4.448539
3.719630
3.039702
2.409846
1.850427
1.360041
0.907225
0.461239
-0.008097
-0.512817
-1.032588
-1.548895
-2.043119
-2.496430
-2.909523
-3.295007
-3.651629
-3.978018
-4.272742
-4.547040
-4.801990
-5.020786
-5.186346
-5.281290
-5.307534
-5.276195
-5.183760
-5.027134
-4.803903
-4.547027
-4.260411
-3.898331
-3.414006
-2.759689
-1.853375
-0.730738
0.482118
1.663589
2.696850
3.515551
4.202809
4.867733
5.618089
6.560810
7.733372
9.066963
10.507548
11.998888
13.482730
15.017020
16.638010
18.253957
19.773493
21.105698
22.235200
23.222307
24.090015
24.861396
25.559568
26.172670
26.686080
27.118972
27.490762
27.820939
28.124058
28.389243
28.596801
28.725745
28.753815
28.646004
28.416371
28.114864
27.790770
27.492802
27.179241
26.815264
26.460393
26.174993
26.020048
26.052530
26.231738
26.472609
26.690339
26.800479
26.771538
26.660353
26.515293
26.384590
26.316262
26.344466
26.437442
26.544162
26.613944
26.595469
26.515663
26.401730
26.204150
25.880658
25.397043
24.724242
23.890370
22.951133
21.961480
20.975595
19.954687
18.864147
17.762806
16.708448
15.758022
14.942939
14.223908
13.551888
12.878345
12.155093
11.373374
10.566783
9.750067
8.936685
8.138870
7.327326
6.492970
5.677733
4.923457
4.271669
3.751921
3.335509
2.976607
2.629997
2.250981
1.845477
1.443338
1.036183
0.615806
0.174179
-0.305711
-0.818466
-1.338245
-1.839005
-2.294455
-2.700903
-3.075439
-3.422783
-3.747710
-4.055056
-4.355215
-4.644713
-4.907636
-5.128092
-5.290235
-5.400272
-5.468586
-5.485823
-5.442902
-5.331447
-5.191590
-5.032435
-4.799024
-4.434314
-3.879015
-3.035651
-1.946170
-0.757323
0.387570
1.349054
2.048146
2.583116
3.081272
3.667705
4.465813
5.505499
6.705606
8.021735
9.408205
10.817842
12.316580
13.934088
15.567771
17.115205
18.474246
19.621461
20.624199
21.516982
22.334559
23.111712
23.844688
24.510030
25.113234
25.660520
26.158861
26.627026
27.061695
27.436842
27.725979
27.902142
27.931168
27.831337
27.653468
27.447696
27.263597
27.065562
26.819116
26.575894
26.388112
26.308321
26.380315
26.569067
26.808967
27.034505
27.180409
27.242949
27.265077
27.252229
27.210519
27.146676
27.052305
26.923902
26.775549
26.621430
26.475088
26.376588
26.311415
26.212088
26.016853
25.670379
25.141686
24.472203
23.718384
22.935867
22.179453
21.445312
20.698442
19.945086
19.190167
18.437518
17.686731
16.933381
16.175372
15.411243
14.639942
13.856968
13.064031
12.269335
11.480512
10.704541
9.916057
9.110258
8.324306
7.595181
6.959710
6.441022
6.014022
5.643178
5.293015
4.928057
4.561132
4.215869
3.872881
3.512580
3.115134
2.672592
2.197584
1.701283
1.195229
0.691307
0.171163
-0.372823
-0.912405
-1.419323
-1.865298
-2.237007
-2.553163
-2.833405
-3.097173
-3.363729
-3.630754
-3.885004
-4.129327
-4.366524
-4.599343
-4.851790
-5.121715
-5.372678
-5.568439
-5.673320
-5.701022
-5.677253
-5.584935
-5.406613
-5.124268
-4.721063
-4.212522
-3.627137
-2.990937
-2.327229
-1.611628
-0.825628
0.000347
0.835263
1.647292
2.392609
3.094319
3.820177
4.637365
5.612382
6.803134
8.165485
9.611757
11.053681
12.402825
13.675065
14.927966
16.135722
17.272569
18.312837
19.235038
20.056157
20.808463
21.524258
22.235709
22.944512
23.629631
24.289100
24.921173
25.524373
26.100461
26.651865
27.177929
27.677323
28.147915
28.593168
29.014270
29.404716
29.757727
30.066225
30.320539
30.524590
30.690030
30.826745
30.942955
31.035144
31.091283
31.107271
31.081054
31.012613
30.887856
30.704971
30.484240
30.246441
30.012865
29.807907
29.616310
29.400488
29.123190
28.747668
28.243258
27.632688
26.962776
26.284218
25.651073
25.086914
24.561795
24.052155
23.535852
22.992395
22.406837
21.801413
21.210482
20.665790
20.196621
19.808994
19.486757
19.220920
18.998166
18.801033
18.667856
18.601863
18.533177
18.395126
18.123993
17.678343
17.102363
16.462948
15.826382
15.258058
14.752093
14.265310
13.806037
13.382292
13.001708
12.692856
12.449494
12.226916
11.980858
11.667602
11.273108
10.825723
10.346568
9.857827
9.382776
8.914956
8.441524
7.976236
7.531758
7.119592
6.735606
6.371600
6.032821
5.725408
5.456273
5.232359
5.051008
4.904143
4.782380
4.675139
4.575979
4.490782
4.425684
4.385625
4.374359
4.393807
4.436777
4.493257
4.554453
4.612855
4.671083
4.733076
4.793942
4.848374
4.890548
4.885793
4.836309
4.790679
4.796953
4.903055
5.123823
5.425838
5.785928
6.181283
6.588917
6.993462
7.411140
7.866787
8.385922
8.994583
9.724557
10.560790
11.458493
12.371989
13.255059
14.126638
15.017557
15.899381
16.743692
17.522035
18.239397
18.915414
19.543676
20.117898
20.631907
21.095221
21.513843
21.875585
22.167070
22.373626
22.472437
22.471990
22.403601
22.298741
22.189093






p2802 HIP ACTUAL ROWS ROWS
701
702
703
704
705
706
707
708
709
710
711
712
713
714
715
716
717
718
719
720
721
722
723
724
725
726
727
728
729
730
731
732
733
734
735
736
737
738
739
740
741
742
743
744
745
746
747
748
749
750
751
752
753
754
755
756
757
758
759
760
761
762
763
764
765
766
767
768
769
770
771
772
773
774
775
776
777
778
779
780
781
782
783
784
785
786
787
788
789
790
791
792
793
794
795
796
797
798
799
800
801
802
803
804
805
806
807
808
809
810
811
812
813
814
815
816
817
818
819
820
821
822
823
824
825
826
827
828
829
830
831
832
833
834
835
836
837
838
839
840
841
842
843
844
845
846
847
848
849
850
851
852
853
854
855
856
857
858
859
860
861
862
863
864
865
866
867
868
869
870
871
872
873
874
875
876
877
878
879
880
881
882
883
884
885
886
887
888
889
890
891
892
893
894
895
896
897
898
899
900
901
902
903
904
905
906
907
908
909
910
911
912
913
914
915
916
917
918
919
920
921
922
923
924
925
926
927
928
929
930
931
932
933
934
935
936
937
938
939
940
941
942
943
944
945
946
947
948
949
950
951
952
953
954
955
956
957
958
959
960
961
962
963
964
965
966
967
968
969
970
971
972
973
974
975
976
977
978
979
980
981
982
983
984
985
986
987
988
989
990
991
992
993
994
995
996
997
998
999
1000
1001
1002
1003
1004
1005
1006
1007
1008
1009
1010
1011
1012
1013
1014
1015
1016
1017
1018
1019
1020
1021
1022
1023
1024
1025
1026
1027
1028
1029
1030
1031
1032
1033
1034
1035
1036
1037
1038
1039
1040
1041
1042
1043
1044
1045
1046
1047
1048
1049
1050
1051
1052
1053
1054
1055
1056
1057
1058
1059
1060
1061
1062
1063
1064
1065
1066
1067
1068
1069
1070
1071
1072
1073
1074
1075
1076
1077
1078
1079
1080
1081
1082
1083
1084
1085
1086
1087
1088
1089
1090
1091
1092
1093
1094
1095
1096
1097
1098
1099
1100
1101
1102
1103
1104
1105
1106
1107
1108
1109
1110
1111
1112
1113
1114
1115
1116
1117
1118
1119
1120
1121
1122
1123
1124
1125
1126
1127
1128
1129
1130
1131
1132
1133
1134
1135
1136
1137
1138
1139
1140
1141
1142
1143
1144
1145
1146
1147
1148
1149
1150
1151
1152
1153
1154
1155
1156
1157
1158
1159
1160
1161
1162
1163
1164
1165
1166
1167
1168
1169
1170
1171
1172
1173
1174
1175
1176
1177
1178
1179
1180
1181
1182
1183
1184
1185
1186
1187
1188
1189
1190
1191
1192
1193
1194
1195
1196
1197
1198
1199
1200
1201
1202
1203
1204
1205
1206
1207
1208
1209
1210
1211
1212
1213
1214
1215
1216
1217
1218
1219
1220
1221
1222
1223
1224
1225
1226
1227
1228
1229
1230
1231
1232
1233
1234
1235
1236
1237
1238
1239
1240
1241
1242
1243
1244
1245
1246
1247
1248
1249
1250
1251
1252
1253
1254
1255
1256
1257
1258
1259
1260
1261
1262
1263
1264
1265
1266
1267
1268
1269
1270
1271
1272
1273
1274
1275
1276
1277
1278
1279
1280
1281
1282
1283
1284
1285
1286
1287
1288
1289
1290
1291
1292
1293
1294
1295
1296
1297
1298
1299
1300
1301
1302
1303
1304
1305
1306
1307
1308
1309
1310
1311
1312
1313
1314
1315
1316
1317
1318
1319
1320
1321
1322
1323
1324
1325
1326
1327
1328
1329
1330
1331
1332
1333
1334
1335
1336
1337
1338
1339
1340
1341
1342
1343
1344
1345
1346
1347
1348
1349
1350
1351
1352
1353
1354
1355
1356
1357
1358
1359
1360
1361
1362
1363
1364
1365
1366
1367
1368
1369
1370
1371
1372
1373
1374
1375
1376
1377
1378
1379
1380
1381
1382
1383
1384
1385
1386
1387
1388
1389
1390
1391
1392
1393
1394
1395
1396
1397
1398
1399
1400
1401
1402
1403
1404
1405
1406
1407
1408
1409
1410
1411
1412
1413
1414
1415
1416
1417
1418
1419
1420
1421
1422
1423
1424
1425
1426
1427
1428
1429
1430
1431
1432
1433
1434
1435
1436
1437
1438
1439
1440
1441
1442
1443
1444
1445
1446
1447
1448
1449
1450
1451
1452
1453
1454
1455
1456
1457
1458
1459
1460
1461
1462
1463
1464
1465
1466
1467
1468
1469
1470
1471
1472
1473
1474
1475
1476
1477
1478
1479
1480
1481
1482
1483
1484
1485
1486
1487
1488
1489
1490
1491
1492
1493
1494
1495
1496
1497
1498
1499
1500
1501
1502
1503
1504
1505
1506
1507
1508
1509
1510
1511
1512
1513
1514
1515
1516
1517
1518
1519
1520
1521
1522
1523
1524
1525
1526
1527
1528
1529
1530
1531
1532
1533
1534
1535
1536
1537
1538
1539
1540
1541
1542
1543
1544
1545
1546
1547
1548
1549
1550
1551
1552
1553
1554
1555
1556
1557
1558
1559
1560
1561
1562
1563
1564
1565
1566
1567
1568
1569
1570
1571
1572
1573
1574
1575
1576
1577
1578
1579
1580
1581
1582
1583
1584
1585
1586
1587
1588
1589
1590
1591
1592
1593
1594
1595
1596
1597
1598
1599
1600
1601
1602
1603
1604
1605
1606
1607
1608
1609
1610
1611
1612
1613
1614
1615
1616
1617
1618
1619
1620
1621
1622
1623
1624
1625
1626
1627
1628
1629
1630
1631
1632
1633
1634
1635
1636
1637
1638
1639
1640
1641
1642
1643
1644
1645
1646
1647
1648
1649
1650
1651
1652
1653
1654
1655
1656
1657
1658
1659
1660
1661
1662
1663
1664
1665
1666
1667
1668
1669
1670
1671
1672
1673
1674
1675
1676
1677
1678
1679
1680
1681
1682
1683
1684
1685
1686
1687
1688
1689
1690
1691
1692
1693
1694
1695
1696
1697
1698
1699
1700
1701
1702
1703
1704
1705
1706
1707
1708
1709
1710
1711
1712
1713
1714
1715
1716
1717
1718
1719
1720
1721
1722
1723
1724
1725
1726
1727
1728
1729
1730
1731
1732
1733
1734
1735
1736
1737
1738
1739
1740
1741
1742
1743
1744
1745
1746
1747
1748
1749
1750
1751
1752
1753
1754
1755
1756
1757
1758
1759
1760
1761
1762
1763
1764
1765
1766
1767
1768
1769
1770
1771
1772
1773
1774
1775
1776
1777
1778
1779
1780
1781
1782
1783
1784
1785
1786
1787
1788
1789
1790
1791
1792
1793
1794
1795
1796
1797
1798
1799
1800
1801
1802
1803
1804
1805
1806
1807
1808
1809
1810
1811
1812
1813
1814
1815
1816
1817
1818
1819
1820
1821
1822
1823
1824
1825
1826
1827
1828
1829
1830
1831
1832
1833
1834
1835
1836
1837
1838
1839
1840
1841
1842
1843
1844
1845
1846
1847
1848
1849
1850
1851
1852
1853
1854
1855
1856
1857
1858
1859
1860
1861
1862
1863
1864
1865
1866
1867
1868
1869
1870
1871
1872
1873
1874
1875
1876
1877
1878
1879
1880
1881
1882
1883
1884
1885
1886
1887
1888
1889
1890
1891
1892
1893
1894
1895
1896
1897
1898
1899
1900
1901
1902
1903
1904
1905
1906
1907
1908
1909
1910
1911
1912
1913
1914
1915
1916
1917
1918
1919
1920
1921
1922
1923
1924
1925
1926
1927
1928
1929
1930
1931
1932
1933
1934
1935
1936
1937
1938
1939
1940
1941
1942
1943
1944
1945
1946
1947
1948
1949
1950
1951
1952
1953
1954
1955
1956
1957
1958
1959
1960
1961
1962
1963
1964
1965
1966
1967
1968
1969
1970
1971
1972
1973
1974
1975
1976
1977
1978
1979
1980
1981
1982
1983
1984
1985
1986
1987
1988
1989
1990
1991
1992
1993
1994
1995
1996
1997
1998
1999
2000
2001
2002
2003
2004
2005
2006
2007
2008
2009
2010
2011
2012
2013
2014
2015
2016
2017
2018
2019
2020
2021
2022
2023
2024
2025
2026
2027
2028
2029
2030
2031
2032
2033
2034
2035
2036
2037
2038
2039
2040
2041
2042
2043
2044
2045
2046
2047
2048
2049
2050
2051
2052
2053
2054
2055
2056
2057
2058
2059
2060
2061
2062
2063
2064
2065
2066
2067
2068
2069
2070
2071
2072
2073
2074
2075
2076
2077
2078
2079
2080
2081
2082
2083
2084
2085
2086
2087
2088
2089
2090
2091
2092
2093
2094
2095
2096
2097
2098
2099
2100
2101
2102
2103
2104
2105
2106
2107
2108
2109
2110
2111
2112
2113
2114
2115
2116
2117
2118
2119
2120
2121
2122
2123
2124
2125
2126
2127
2128
2129
2130
2131
2132
2133
2134
2135
2136
2137
2138
2139
2140
2141
2142
2143
2144
2145
2146
2147
2148
2149
2150
2151
2152
2153
2154
2155
2156
2157
2158
2159
2160
2161
2162
2163
2164
2165
2166
2167
2168
2169
2170
2171
2172
2173
2174
2175
2176
2177
2178
2179
2180
2181
2182
2183
2184
2185
2186
2187
2188
2189
2190
2191
2192
2193
2194
2195
2196
2197
2198
2199
2200
2201
2202
2203
2204
2205
2206
2207
2208
2209
2210
2211
2212
2213
2214
2215
2216
2217
2218
2219
2220
2221
2222
2223
2224
2225
2226
2227
2228
2229
2230
2231
2232
2233
2234
2235
2236
2237
2238
2239
2240
2241
2242
2243
2244
2245
2246
2247
2248
2249
2250
2251
2252
2253
2254
2255
2256
2257
2258
2259
2260
2261
2262
2263
2264
2265
2266
2267
2268
2269
2270
2271
2272
2273
2274
2275
2276
2277
2278
2279
2280
2281
2282
2283
2284
2285
2286
2287
2288
2289
2290
2291
2292
2293
2294
2295
2296
2297
2298
2299
2300
2301
2302
2303
2304
2305
2306
2307
2308
2309
2310
2311
2312
2313
2314
2315
2316
2317
2318
2319
2320
2321
2322
2323
2324
2325
2326
2327
2328
2329
2330
2331
2332
2333
2334
2335
2336
2337
2338
2339
2340
2341
2342
2343
2344
2345
2346
2347
2348
2349
2350
2351
2352
2353
2354
2355
2356
2357
2358
2359
2360
2361
2362
2363
2364
2365
2366
2367
2368
2369
2370
2371
2372
2373
2374
2375
2376
2377
2378
2379
2380
2381
2382
2383
2384
2385
2386
2387
2388
2389
2390
2391
2392
2393
2394
2395
2396
2397
2398
2399
2400
2401
2402
2403
2404
2405
2406
2407
2408
2409
2410
2411
2412
2413
2414
2415
2416
2417
2418
2419
2420
2421
2422
2423
2424
2425
2426
2427
2428
2429
2430
2431
2432
2433
2434
2435
2436
2437
2438
2439
2440
2441
2442
2443
2444
2445
2446
2447
2448
2449
2450
2451
2452
2453
2454
2455
2456
2457
2458
2459
2460
2461
2462
2463
2464
2465
2466
2467
2468
2469
2470
2471
2472
2473
2474
2475
2476
2477
2478
2479
2480
2481
2482
2483
2484
2485
2486
2487
2488
2489
2490
2491
2492
2493
2494
2495
2496
2497
2498
2499
2500
2501
2502
2503
2504
2505
2506
2507
2508
2509
2510
2511
2512
2513
2514
2515
2516
2517
2518
2519
2520
2521
2522
2523
2524
2525
2526
2527
2528
2529
2530
2531
2532
2533
2534
2535
2536
2537
2538
2539
2540
2541
2542
2543
2544
2545
2546
2547
2548
2549
2550
2551
2552
2553
2554
2555
2556
2557
2558
2559
2560
2561
2562
2563
2564
2565
2566
2567
2568
2569
2570
2571
2572
2573
2574
2575
2576
2577
2578
2579
2580
2581
2582
2583
2584
2585
2586
2587
2588
2589
2590
2591
2592
2593
2594
2595
2596
2597
2598
2599
2600
2601
2602
2603
2604
2605
2606
2607
2608
2609
2610
2611
2612
2613
2614
2615
2616
2617
2618
2619
2620
2621
2622
2623
2624
2625
2626
2627
2628
2629
2630
2631
2632
2633
2634
2635
2636
2637
2638
2639
2640
2641
2642
2643
2644
2645
2646
2647
2648
2649
2650
2651
2652
2653
2654
2655
2656
2657
2658
2659
2660
2661
2662
2663
2664
2665
2666
2667
2668
2669
2670
2671
2672
2673
2674
2675
2676
2677
2678
2679
2680
2681
2682
2683
2684
2685
2686
2687
2688
2689
2690
2691
2692
2693
2694
2695
2696
2697
2698
2699
2700
2701
2702
2703
2704
2705
2706
2707
2708
2709
2710
2711
2712
2713
2714
2715
2716
2717
2718
2719
2720
2721
2722
2723
2724
2725
2726
2727
2728
2729
2730
2731
2732
2733
2734
2735
2736
2737
2738
2739
2740
2741
2742
2743
2744
2745
2746
2747
2748
2749
2750
2751
2752
2753
2754
2755
2756
2757
2758
2759
2760
2761
2762
2763
2764
2765
2766
2767
2768
2769
2770
2771
2772
2773
2774
2775
2776
2777
2778
2779
2780
2781
2782
2783
2784
2785
2786
2787
2788
2789
2790
2791
2792
2793
2794
2795
2796
2797
2798
2799
2800
2801
2802
2803
2804
2805
2806
2807
2808
2809
2810
2811
2812
2813
2814
2815
2816
2817
2818
2819
2820
2821
2822
2823
2824
2825
2826
2827
2828
2829
2830
2831
2832
2833
2834
2835
2836
2837
2838
2839
2840
2841
2842
2843
2844
2845
2846
2847
2848
2849
2850
2851
2852
2853
2854
2855
2856
2857
2858
2859
2860
2861
2862
2863
2864
2865
2866
2867
2868
2869
2870
2871
2872
2873
2874
2875
2876
2877
2878
2879
2880
2881
2882
2883
2884
2885
2886
2887
2888
2889
2890
2891
2892
2893
2894
2895
2896
2897
2898
2899
2900
2901
2902
2903
2904
2905
2906
2907
2908
2909
2910
2911
2912
2913
2914
2915
2916
2917
2918
2919
2920
2921
2922
2923
2924
2925
2926
2927
2928
2929
2930
2931
2932
2933
2934
2935
2936
2937
2938
2939
2940
2941
2942
2943
2944
2945
2946
2947
2948
2949
2950
2951
2952
2953
2954
2955
2956
2957
2958
2959
2960
2961
2962
2963
2964
2965
2966
2967
2968
2969
2970
2971
2972
2973
2974
2975
2976
2977
2978
2979
2980
2981
2982
2983
2984
2985
2986
2987
2988
2989
2990
2991
2992
2993
2994
2995
2996
2997
2998
2999
3000
3001
3002
3003
3004
3005
3006
3007
3008
3009
3010
3011
3012
3013
3014
3015
3016
3017
3018
3019
3020
3021
3022
3023
3024
3025
3026
3027
3028
3029
3030
3031
3032
3033
3034
3035
3036
3037
3038
3039
3040
3041
3042
3043
3044
3045
3046
3047
3048
3049
3050
3051
3052
3053
3054
3055
3056
3057
3058
3059
3060
3061
3062
3063
3064
3065
3066
3067
3068
3069
3070
3071
3072
3073
3074
3075
3076
3077
3078
3079
3080
3081
3082
3083
3084
3085
3086
3087
3088
3089
3090
3091
3092
3093
3094
3095
3096
3097
3098
3099
3100
3101
3102
3103
3104
3105
3106
3107
3108
3109
3110
3111
3112
3113
3114
3115
3116
3117
3118
3119
3120
3121
3122
3123
3124
3125
3126
3127
3128
3129
3130
3131
3132
3133
3134
3135
3136
3137
3138
3139
3140
3141
3142
3143
3144
3145
3146
3147
3148
3149
3150
3151
3152
3153
3154
3155
3156
3157
3158
3159
3160
3161
3162
3163
3164
3165
3166
3167
3168
3169
3170
3171
3172
3173
3174
3175
3176
3177
3178
3179
3180
3181
3182
3183
3184
3185
3186
3187
3188
3189
3190
3191
3192
3193
3194
3195
3196
3197
3198
3199
3200
3201
3202
3203
3204
3205
3206
3207
3208
3209
3210
3211
3212
3213
3214
3215
3216
3217
3218
3219
3220
3221
3222
3223
3224
3225
3226
3227
3228
3229
3230
3231
3232
3233
3234
3235
3236
3237
3238
3239
3240
3241
3242
3243
3244
3245
3246
3247
3248
3249
3250
3251
3252
3253
3254
3255
3256
3257
3258
3259
3260
3261
3262
3263
3264
3265
3266
3267
3268
3269
3270
3271
3272
3273
3274
3275
3276
3277
3278
3279
3280
3281
3282
3283
3284
3285
3286
3287
3288
3289
3290
3291
3292
3293
3294
3295
3296
3297
3298
3299
3300
3301
3302
3303
3304
3305
3306
3307
3308
3309
3310
3311
3312
3313
3314
3315
3316
3317
3318
3319
3320
3321
3322
3323
3324
3325
3326
3327
3328
3329
3330
3331
3332
3333
3334
3335
3336
3337
3338
3339
3340
3341
3342
3343
3344
3345
3346
3347
3348
3349
3350
3351
3352
3353
3354
3355
3356
3357
3358
3359
3360
3361
3362
3363
3364
3365
3366
3367
3368
3369
3370
3371
3372
3373
3374
3375
3376
3377
3378
3379
3380
3381
3382
3383
3384
3385
3386
3387
3388
3389
3390
3391
3392
3393
3394
3395
3396
3397
3398
3399
3400
3401
3402
3403
3404
3405
3406
3407
3408
3409
3410
3411
3412
3413
3414
3415
3416
3417
3418
3419
3420
3421
3422
3423
3424
3425
3426
3427
3428
3429
3430
3431
3432
3433
3434
3435
3436
3437
3438
3439
3440
3441
3442
3443
3444
3445
3446
3447
3448
3449
3450
3451
3452
3453
3454
3455
3456
3457
3458
3459
3460
3461
3462
3463
3464
3465
3466
3467
3468
3469
3470
3471
3472
3473
3474
3475
3476
3477
3478
3479
3480
3481
3482
3483
3484
3485
3486
3487
3488
3489
3490
3491
3492
3493
3494
3495
3496
3497
3498
3499
3500
3501
3502
3503
3504
3505
3506
3507
3508
3509
3510
3511
3512
3513
3514
3515
3516
3517
3518
3519
3520
3521
3522
3523
3524
3525
3526
3527
3528
3529
3530
3531
3532
3533
3534
3535
3536
3537
3538
3539
3540
3541
3542
3543
3544
3545
3546
3547
3548
3549
3550
3551
3552
3553
3554
3555
3556
3557
3558
3559
3560
3561
3562
3563
3564
3565
3566
3567
3568
3569
3570
3571
3572
3573
3574
3575
3576
3577
3578
3579
3580
3581
3582
3583
3584
3585
3586
3587
3588
3589
3590
3591
3592
3593
3594
3595
3596
3597
3598
3599
3600
3601
3602
3603
3604
3605
3606
3607
3608
3609
3610
3611
3612
3613
3614
3615
3616
3617
3618
3619
3620
3621
3622
3623
3624
3625
3626
3627
3628
3629
3630
3631
3632
3633
3634
3635
3636
3637
3638
3639
3640
3641
3642
3643
3644
3645
3646
3647
3648
3649
3650
3651
3652
3653
3654
3655
3656
3657
3658
3659
3660
3661
3662
3663
3664
3665
3666
3667
3668
3669
3670
3671
3672
3673
3674
3675
3676
3677
3678
3679
3680
3681
3682
3683
3684
3685
3686
3687
3688
3689
3690
3691
3692
3693
3694
3695
3696
3697
3698
3699
3700
3701
3702
3703
3704
3705
3706
3707
3708
3709
3710
3711
3712
3713
3714
3715
3716
3717
3718
3719
3720
3721
3722
3723
3724
3725
3726
3727
3728
3729
3730
3731
3732
3733
3734
3735
3736
3737
3738
3739
3740
3741
3742
3743
3744
3745
3746
3747
3748
3749
3750
3751
3752
3753
3754
3755
3756
3757
3758
3759
3760
3761
3762
3763
3764
3765
3766
3767
3768
3769
3770
3771
3772
3773
3774
3775
3776
3777
3778
3779
3780
3781
3782
3783
3784
3785
3786
3787
3788
3789
3790
3791
3792
3793
3794
3795
3796
3797
3798
3799
3800
3801
3802
3803
3804
3805
3806
3807
3808
3809
3810
3811
3812
3813
3814
3815
3816
3817
3818
3819
3820
3821
3822
3823
3824
3825
3826
3827
3828
3829
3830
3831
3832
3833
3834
3835
3836
3837
3838
3839
3840
3841
3842
3843
3844
3845
3846
3847
3848
3849
3850
3851
3852
3853
3854
3855
3856
3857
3858
3859
3860
3861
3862
3863
3864
3865
3866
3867
3868
3869
3870
3871
3872
3873
3874
3875
3876
3877
3878
3879
3880
3881
3882
3883
3884
3885
3886
3887
3888
3889
3890
3891
3892
3893
3894
3895
3896
3897
3898
3899
3900
3901
3902
3903
3904
3905
3906
3907
3908
3909
3910
3911
3912
3913
3914
3915
3916
3917
3918
3919
3920
3921
3922
3923
3924
3925
3926
3927
3928
3929
3930
3931
3932
3933
3934
3935
3936
3937
3938
3939
3940
3941
3942
3943
3944
3945
3946
3947
3948
3949
3950
3951
3952
3953
3954
3955
3956
3957
3958
3959
3960
3961
3962
3963
3964
3965
3966
3967
3968
3969
3970
3971
3972
3973
3974
3975
3976
3977
3978
3979
3980
3981
3982
3983
3984
3985
3986
3987
3988
3989
3990
3991
3992
3993
3994
3995
3996
3997
3998
3999
4000






p2802 HIP ACTUAL VALUES
0.992973
0.946732
0.943798
0.928178
0.843013
0.632753
0.334572
0.030480
-0.197237
-0.266112
-0.196361
-0.042654
0.225672
0.639054
1.227774
2.053212
3.094787
4.260396
5.458791
6.599204
7.679817
8.762706
9.852454
10.953195
12.068826
13.200460
14.345862
15.503152
16.669454
17.841070
19.052737
20.305275
21.544088
22.715029
23.764242
24.676122
25.486711
26.219832
26.899429
27.549493
28.178202
28.769850
29.312686
29.795205
30.206210
30.550362
30.836622
31.059672
31.212954
31.288699
31.251921
31.106644
30.902993
30.691212
30.521550
30.371693
30.207135
30.059991
29.962773
29.948413
30.055899
30.262929
30.511091
30.742379
30.899182
30.962023
30.969838
30.952987
30.941955
30.967172
31.079933
31.259786
31.429178
31.510809
31.427760
31.168529
30.783063
30.287842
29.701061
29.042455
28.247450
27.305494
26.317188
25.381767
24.597014
24.028110
23.608788
23.238872
22.818294
22.247066
21.484995
20.598390
19.647408
18.692477
17.794202
16.953933
16.132012
15.327363
14.538565
13.763825
12.995103
12.233229
11.489517
10.775551
10.103135
9.471936
8.873905
8.309279
7.778317
7.281304
6.839271
6.451694
6.086698
5.712604
5.297901
4.820261
4.300775
3.773209
3.271368
2.829074
2.456136
2.130090
1.836341
1.560268
1.287258
1.021171
0.771830
0.533617
0.300934
0.068190
-0.175445
-0.425897
-0.666609
-0.881391
-1.054443
-1.230720
-1.421159
-1.559395
-1.579408
-1.415631
-1.061043
-0.562225
0.067001
0.815206
1.673577
2.729002
3.991205
5.336539
6.639685
7.773515
8.652461
9.360775
10.024923
10.771326
11.726804
12.956761
14.377549
15.892690
17.404503
18.814261
20.146854
21.467098
22.735373
23.912291
24.958935
25.851121
26.614685
27.286136
27.902285
28.500297
29.096494
29.668225
30.194074
30.651778
31.018010
31.286401
31.474386
31.591486
31.644372
31.637313
31.524032
31.298087
31.023629
30.765367
30.587961
30.501104
30.461549
30.454475
30.464904
30.477764
30.518346
30.595086
30.668820
30.702118
30.659215
30.514311
30.293837
30.040658
29.797067
29.604083
29.515005
29.497350
29.463567
29.330802
29.021197
28.506878
27.841055
27.071486
26.247332
25.418683
24.572118
23.676451
22.754544
21.828827
20.921494
20.039574
19.167266
18.292541
17.404103
16.491527
15.537423
14.550857
13.560703
12.594088
11.676420
10.785739
9.904063
9.061876
8.289740
7.618102
7.078227
6.649618
6.284684
5.935485
5.553650
5.146688
4.745395
4.336959
3.909759
3.453116
2.938031
2.372009
1.799466
1.265109
0.814113
0.473042
0.211993
-0.008212
-0.226674
-0.482366
-0.786284
-1.111709
-1.441071
-1.757135
-2.043100
-2.320339
-2.599997
-2.850496
-3.040675
-3.140216
-3.189013
-3.211139
-3.152511
-2.956987
-2.565861
-1.906192
-1.017837
-0.007905
1.018438
1.957741
2.776629
3.547737
4.326420
5.167343
6.124976
7.195391
8.343352
9.576216
10.901002
12.323793
13.923018
15.694009
17.516472
19.269650
20.832840
22.194902
23.434640
24.566983
25.607314
26.571230
27.448718
28.229129
28.927510
29.559830
30.143105
30.703660
31.232683
31.694648
32.053074
32.270378
32.298181
32.162519
31.935178
31.686030
31.483303
31.294498
31.070650
30.855871
30.695518
30.635693
30.737970
30.972188
31.247086
31.471445
31.554212
31.457140
31.240634
30.961996
30.679120
30.450278
30.312404
30.226925
30.138387
29.991070
29.729136
29.355789
28.905389
28.370855
27.748515
27.037661
26.186854
25.200747
24.162787
23.155019
22.258041
21.501764
20.831922
20.201131
19.561352
18.864216
18.103697
17.311034
16.494459
15.662470
14.823430
13.951555
13.042422
12.135657
11.270064
10.483737
9.780440
9.134088
8.537767
7.984632
7.467757
7.017910
6.639243
6.284932
5.908484
5.463741
4.919192
4.305806
3.671308
3.063347
2.529503
2.082591
1.690773
1.334717
0.995249
0.653340
0.312048
-0.015745
-0.334182
-0.647350
-0.959330
-1.279722
-1.605758
-1.923013
-2.217083
-2.473617
-2.724844
-2.980532
-3.193100
-3.315590
-3.301765
-3.180018
-2.984589
-2.677598
-2.219582
-1.569106
-0.627119
0.579388
1.905122
3.205226
4.335051
5.222736
5.967431
6.680309
7.471455
8.450351
9.636611
10.958284
12.387523
13.895987
15.454503
17.144450
18.985485
20.854138
22.625949
24.175967
25.481039
26.623120
27.635032
28.549789
29.400551
30.178260
30.861474
31.464954
32.003595
32.492361
32.953038
33.378078
33.737508
33.999848
34.131985
34.086724
33.885529
33.596141
33.285201
33.018571
32.771050
32.496115
32.228462
32.003360
31.856209
31.827093
31.892834
31.994051
32.071395
32.065613
31.948935
31.761132
31.544455
31.341259
31.193784
31.147963
31.175521
31.206951
31.172903
31.003987
30.714688
30.346834
29.874309
29.276300
28.537142
27.574884
26.405735
25.162064
23.974213
22.970465
22.202763
21.584888
21.035895
20.474149
19.817518
19.047109
18.216531
17.352942
16.483879
15.637001
14.796599
13.945764
13.109747
12.312752
11.577905
10.903030
10.271932
9.686016
9.146738
8.655544
8.243945
7.910291
7.606480
7.284690
6.897281
6.428286
5.909469
5.364899
4.818649
4.294777
3.787926
3.281649
2.783637
2.302040
1.845550
1.421143
1.023978
0.645318
0.276114
-0.093070
-0.470720
-0.850257
-1.218907
-1.564011
-1.873025
-2.179971
-2.493310
-2.762232
-2.936026
-2.964442
-2.850054
-2.628609
-2.299929
-1.862936
-1.315513
-0.603640
0.267991
1.216267
2.161766
3.028563
3.767958
4.434604
5.108111
5.866816
6.788583
7.893195
9.129616
10.469905
11.885820
13.348174
14.924306
16.634036
18.374923
20.043594
21.536224
22.842278
24.029400
25.111325
26.102058
27.015647
27.848235
28.590283
29.247668
29.827160
30.336613
30.786186
31.174636
31.492138
31.726350
31.862185
31.845561
31.685508
31.458719
31.240865
31.106953
31.063421
31.057611
31.076640
31.108028
31.139228
31.213310
31.338800
31.451461
31.487275
31.382464
31.081358
30.626848
30.103367
29.595711
29.188717
28.926122
28.751394
28.598463
28.401256
28.093739
27.679495
27.199116
26.644114
26.009863
25.295431
24.455600
23.495387
22.489701
21.511796
20.633360
19.872983
19.182567
18.532185
17.891216
17.228585
16.550617
15.877140
15.197629
14.501651
13.778600
13.010154
12.203986
11.388042
10.589808
9.836330
9.114312
8.405298
7.728350
7.102600
6.547188
6.084899
5.702578
5.365521
5.039240
4.689450
4.319874
3.953403
3.584621
3.208125
2.818530
2.404064
1.968209
1.528721
1.103629
0.711175
0.356865
0.028921
-0.280264
-0.578327
-0.872931
-1.170368
-1.465630
-1.749337
-2.011909
-2.243539
-2.472763
-2.705621
-2.898744
-3.009357
-2.995600
-2.876297
-2.682261
-2.389930
-1.974489
-1.409501
-0.630950
0.342278
1.415087
2.494345
3.488619
4.358048
5.167100
5.980774
6.862818
7.876258
9.042304
10.319563
11.676891
13.082549
14.504126
15.998401
17.586517
19.181671
20.696599
22.043805
23.205669
24.240010
25.172512
26.028961
26.835213
27.588619
28.272529
28.892058
29.452817
29.960825
30.438449
30.884386
31.268417
31.558961
31.723025
31.722264
31.579257
31.349724
31.087252
30.843466
30.582974
30.266743
29.941402
29.654941
29.456169
29.381188
29.397663
29.452642
29.493575
29.468380
29.354291
29.187432
29.003799
28.838375
28.725193
28.714225
28.782193
28.852814
28.849795
28.696508
28.405724
28.025268
27.532587
26.909220
26.140742
25.143932
23.933868
22.643916
21.404991
20.345141
19.510550
18.814618
18.183823
17.544243
16.821804
15.997329
15.119416
14.216249
13.316078
12.446902
11.597657
10.750483
9.922384
9.129642
8.387920
7.690461
7.026137
6.403868
5.832566
5.320974
4.899120
4.560636
4.259698
3.950838
3.588924
3.160557
2.695858
2.215287
1.739440
1.289064
0.866936
0.459519
0.063219
-0.325581
-0.710545
-1.095274
-1.477321
-1.851185
-2.211165
-2.551307
-2.874318
-3.183349
-3.473233
-3.739385
-3.977916
-4.225543
-4.485557
-4.704717
-4.830220
-4.809964
-4.675300
-4.465334
-4.138978
-3.652804
-2.960459
-1.946206
-0.639346
0.791677
2.178289
3.351494
4.217077
4.890325
5.515525
6.235432
7.191927
8.438465
9.881745
11.443245
13.043001
14.599783
16.161733
17.781793
19.385091
20.896901
22.242711
23.397659
24.410696
25.318123
26.156498
26.962770
27.747337
28.486093
29.165272
29.772034
30.294379
30.739901
31.121842
31.434879
31.670259
31.815823
31.828587
31.714737
31.532743
31.339978
31.192773
31.087284
30.981433
30.875175
30.770130
30.669264
30.589611
30.530233
30.467989
30.379499
30.241161
30.035585
29.778729
29.497328
29.218604
28.970000
28.780343
28.632151
28.482815
28.289684
28.009644
27.668537
27.288650
26.824054
26.236139
25.493553
24.535413
23.389108
22.157421
20.941207
19.839583
18.861591
17.940390
17.059450
16.201721
15.350005
14.509121
13.689855
12.884620
12.085850
11.285629
10.469670
9.644518
8.832498
8.054870
7.331949
6.654074
6.007095
5.404194
4.858403
4.382403
4.013083
3.741349
3.510911
3.266005
2.951268
2.560535
2.130893
1.671929
1.193215
0.704397
0.182442
-0.379458
-0.946936
-1.485234
-1.959206
-2.352837
-2.688873
-2.990160
-3.279720
-3.580759
-3.919343
-4.279630
-4.622379
-4.908806
-5.100681
-5.222181
-5.299910
-5.299788
-5.187837
-4.930365
-4.528833
-4.009443
-3.374642
-2.624449
-1.756154
-0.691072
0.570337
1.914180
3.226960
4.395491
5.335889
6.125658
6.893391
7.766927
8.873901
10.298987
11.959150
13.729510
15.483146
17.092190
18.569035
19.997372
21.356225
22.625021
23.783533
24.823022
25.756295
26.595652
27.354293
28.046561
28.685268
29.262744
29.763877
30.173936
30.478347
30.656488
30.724395
30.718015
30.666740
30.594087
30.447838
30.205003
29.932485
29.698924
29.573654
29.589227
29.699201
29.854995
30.008570
30.112644
30.196792
30.292738
30.357182
30.347130
30.219943
29.917790
29.470783
28.967780
28.496427
28.142788
27.973175
27.926910
27.899438
27.788496
27.494110
27.006014
26.390631
25.665641
24.850843
23.967637
22.957069
21.807659
20.611529
19.459788
18.442159
17.587984
16.836233
16.140016
15.452758
14.728294
13.964446
13.192775
12.417834
11.643490
10.872739
10.086530
9.282770
8.489125
7.733082
7.041966
6.421764
5.853804
5.328362
4.835653
4.365757
3.937819
3.557679
3.195754
2.823083
2.411274
1.947287
1.450446
0.941187
0.439911
-0.033051
-0.482632
-0.922791
-1.346555
-1.746501
-2.114684
-2.443050
-2.736486
-3.005963
-3.262280
-3.515994
-3.780424
-4.046879
-4.293404
-4.499281
-4.645162
-4.759086
-4.855181
-4.894386
-4.838125
-4.648744
-4.339437
-3.941617
-3.443450
-2.828622
-2.076002
-1.094988
0.103132
1.390083
2.637935
3.718832
4.537230
5.180423
5.794091
6.523276
7.513237
8.848625
10.434397
12.146048
13.857102
15.439886
16.913263
18.361081
19.752758
21.057911
22.246407
23.298701
24.234735
25.083639
25.874738
26.637653
27.384844
28.097266
28.758182
29.351665
29.862465
30.302813
30.687801
31.004229
31.235143
31.359976
31.326327
31.144227
30.884978
30.620331
30.422187
30.296234
30.191626
30.096445
30.000249
29.894152
29.791591
29.699320
29.599663
29.474951
29.307516
29.066213
28.764205
28.449912
28.170982
27.973966
27.914609
27.960004
28.023097
28.018137
27.860343
27.558998
27.165226
26.660850
26.035112
25.283933
24.348204
23.236482
22.047046
20.877200
19.823621
18.903528
18.051596
17.239998
16.441038
15.627320
14.805512
13.994234
13.184468
12.366993
11.532166
10.662307
9.764695
8.866108
7.992469
7.168999
6.381739
5.612935
4.881979
4.208361
3.611479
3.127405
2.743109
2.404450
2.057542
1.648528
1.157176
0.619219
0.064674
-0.476159
-0.972601
-1.422461
-1.846233
-2.246860
-2.627154
-2.989781
-3.334358
-3.658897
-3.963467
-4.248035
-4.512460
-4.776123
-5.038467
-5.269635
-5.440148
-5.521143
-5.537550
-5.509862
-5.403362
-5.183499
-4.816422
-4.274195
-3.587985
-2.809860
-1.984504
-1.148538
-0.285619
0.634557
1.600761
2.600960
3.622442
4.650352
5.695675
6.783338
7.937544
9.182017
10.566924
12.075979
13.632737
15.160506
16.582658
17.904281
19.175756
20.388442
21.533581
22.602313
23.582877
24.480357
25.311540
26.094121
26.846699
27.593307
28.323234
29.003424
29.600713
30.081873
30.437778
30.693419
30.864931
30.965717
31.006602
30.954740
30.799887
30.585992
30.357583
30.159493
29.993068
29.827565
29.660133
29.488244
29.309760
29.128341
28.945582
28.756863
28.557731
28.343817
28.091421
27.804847
27.520920
27.275186
27.101536
27.069247
27.150314
27.233625
27.212472
26.984753
26.527073
25.910099
25.175991
24.367762
23.529127
22.614151
21.597106
20.550592
19.545052
18.648718
17.897494
17.243638
16.629059
15.996303
15.288362
14.498170
13.664234
12.798015
11.910619
11.012699
10.065092
9.060759
8.058028
7.114972
6.289421
5.598737
5.003961
4.478441
3.995493
3.528204
3.098550
2.724420
2.372541
2.009606
1.602236
1.131528
0.619339
0.093598
-0.417517
-0.885606
-1.311093
-1.712818
-2.089777
-2.440901
-2.765042
-3.051141
-3.299999
-3.528038
-3.751436
-3.986094
-4.258531
-4.557300
-4.841512
-5.070908
-5.206030
-5.264017
-5.272446
-5.208273
-5.048575
-4.770604
-4.384977
-3.910476
-3.335306
-2.645329
-1.823870
-0.790429
0.445633
1.768254
3.061748
4.210613
5.141468
5.933741
6.700344
7.553173
8.603464
9.922571
11.436442
13.037644
14.618108
16.069495
17.406321
18.699950
19.927284
21.065447
22.091741
22.986184
23.763677
24.453816
25.086474
25.691953
26.284064
26.843230
27.350689
27.788452
28.139193
28.405494
28.603780
28.735455
28.798310
28.786592
28.651534
28.393967
28.080144
27.776117
27.547613
27.392934
27.264692
27.161141
27.082036
27.028554
27.038831
27.113627
27.198965
27.240298
27.182440
26.981109
26.673609
26.326392
26.005515
25.776661
25.685651
25.688693
25.716585
25.699865
25.567881
25.345882
25.071515
24.696658
24.184965
23.511309
22.608077
21.501554
20.309315
19.146715
18.127408
17.284732
16.541215
15.843011
15.136576
14.368761
13.533216
12.665370
11.775233
10.872687
9.967265
9.038142
8.079540
7.122772
6.198525
5.336984
4.527075
3.748196
3.016125
2.346570
1.754978
1.273293
0.891365
0.561131
0.234310
-0.137684
-0.565093
-1.016049
-1.476018
-1.930238
-2.363736
-2.783675
-3.200168
-3.602358
-3.979220
-4.319590
-4.623630
-4.898811
-5.144762
-5.360902
-5.546391
-5.692207
-5.798483
-5.877979
-5.943583
-6.008363
-6.098862
-6.206224
-6.290854
-6.313614
-6.236036
-6.088956
-5.900374
-5.627895
-5.228453
-4.658201
-3.835951
-2.794195
-1.656814
-0.544074
0.427170
1.194885
1.841713
2.468341
3.173592
4.055058
5.135392
6.350054
7.665358
9.046899
10.459506
11.970104
13.601265
15.250651
16.815904
18.194763
19.360490
20.380856
21.295478
22.143911
22.965522
23.760929
24.503102
25.190453
25.822706
26.401056
26.956869
27.492392
27.965701
28.334196
28.554550
28.596049
28.491787
28.290101
28.034143
27.762365
27.397566
26.907619
26.398178
25.976493
25.750409
25.787812
26.015591
26.330980
26.632918
26.822218
26.888367
26.899109
26.873561
26.830701
26.789534
26.743992
26.683066
26.617820
26.558142
26.511904
26.525831
26.587554
26.617355
26.541919
26.294586
25.843316
25.236328
24.530947
23.784516
23.054533
22.328062
21.569330
20.800134
20.040331
19.307952
18.618866
17.958456
17.298778
16.612988
15.875176
15.065913
14.204203
13.321928
12.450048
11.618432
10.819122
10.032236
9.268693
8.539107
7.853932
7.226074
6.648382
6.101276
5.565030
5.019596
4.462706
3.908000
3.358709
2.817643
2.287166
1.761398
1.237928
0.724211
0.227976
-0.242798
-0.689453
-1.117623
-1.525323
-1.910248
-2.269866
-2.597601
-2.895060
-3.171794
-3.437137
-3.700116
-3.967459
-4.232653
-4.484773
-4.713090
-4.907095
-5.079292
-5.236559
-5.360349
-5.432514
-5.435516
-5.367209
-5.241074
-5.063577
-4.841118
-4.579986
-4.318827
-4.056826
-3.739928
-3.312424
-2.716575
-1.887201
-0.861240
0.268299
1.408564
2.466079
3.384563
4.229138
5.086956
6.044043
7.185750
8.580223
10.171172
11.856469
13.532494
15.094552
16.555007
17.982241
19.355628
20.654692
21.858726
22.969168
23.999767
24.947981
25.811554
26.588611
27.279752
27.887529
28.413051
28.856842
29.218641
29.490623
29.673093
29.776970
29.812644
29.789830
29.672156
29.452559
29.181916
28.908331
28.677570
28.494245
28.319703
28.136263
27.929101
27.686017
27.405077
27.096485
26.767856
26.425845
26.076126
25.742965
25.421996
25.076680
24.672488
24.177004
23.559136
22.845509
22.093208
21.360188
20.704073
20.162838
19.703248
19.274029
18.823305
18.299423
17.645799
16.901310
16.154619
15.489062
14.982301
14.664750
14.473406
14.346134
14.227123
14.066171
13.875226
13.688498
13.492200
13.274525
13.025752
12.732874
12.401724
12.051805
11.704205
11.381685
11.093093
10.824989
10.567087
10.308393
10.037282
9.744890
9.439164
9.132687
8.837185
8.563462
8.291890
8.013528
7.754296
7.539782
7.395207
7.333065
7.334230
7.375927
7.435115
7.488561
7.554072
7.644614
7.729868
7.779973
7.765616
7.679253
7.540921
7.362779
7.155766
6.929542
6.581228
6.103083
5.648414
5.371711
5.427947
5.873886
6.607634
7.546781
8.609683
9.715258
10.937211
12.331418
13.788520
15.198615
16.452411
17.501142
18.416742
19.272164
20.141234
21.098616
22.189744
23.367185
24.566494
25.722692
26.770406
27.707040
28.577866
29.388264
30.142476
30.843539
31.492352
32.085449
32.618519
33.087497
33.488645
33.823947
34.093677
34.292800
34.417864
34.466983
34.418947
34.275566
34.070698
33.838710
33.614560
33.374951
33.098514
32.822711
32.583897
32.417288
32.348322
32.352110
32.387941
32.415652
32.395618
32.322201
32.221188
32.101338
31.972583
31.845839
31.727187
31.612094
31.493681
31.362547
31.206676
31.060198
30.921066
30.725473
30.417948
29.951711
29.290630
28.474050
27.571114
26.648130
25.768912
24.935244
24.103160
23.266481
22.419470
21.556968
20.680322
19.793236
18.894874
17.984616
17.061901
16.116009
15.148791
14.177875
13.220096
12.291516
11.375245
10.459976
9.569641
8.728278
7.960072
7.288666
6.697971
6.152615
5.616861
5.054361
4.454608
3.841318
3.229154
2.632974
2.067810
1.533146
1.018637
0.524896
0.052799
-0.396490
-0.823871
-1.229781
-1.612172
-1.969043
-2.298432
-2.607910
-2.898641
-3.158871
-3.376599
-3.539652
-3.676136
-3.793358
-3.848301
-3.798414
-3.602034
-3.265532
-2.820466
-2.262824
-1.585882
-0.779972
0.258602
1.523690
2.862497
4.123454
5.156266
5.832648
6.254761
6.617948
7.116554
7.944501
9.199167
10.751376
12.455143
14.163890
15.731094
17.176900
18.598536
19.965159
21.245818
22.409574
23.441730
24.362381
25.192907
25.955154
26.671540
27.353583
27.987451
28.558527
29.052796
29.456638
29.760687
29.978889
30.129619
30.226684
30.279706
30.248468
30.120989
29.948875
29.785390
29.684885
29.666946
29.695308
29.741450
29.777221
29.774966
29.742493
29.698442
29.632045
29.532899
29.391016
29.177779
28.902158
28.609497
28.342906
28.142893
28.069757
28.090319
28.105189
28.019012
27.740813
27.248047
26.603052
25.846391
25.020053
24.166488
23.258954
22.269807
21.239496
20.209840
19.224242
18.284124
17.360706
16.452721
15.559180
14.679454
13.827968
13.006188
12.193828
11.369847
10.512432
9.583007
8.595785
7.607546
6.674928
5.854352
5.168598
4.579294
4.051203
3.549532
3.039797
2.531878
2.049050
1.576975
1.101220
0.607209
0.077345
-0.479302
-1.037077
-1.569832
-2.050915
-2.472880
-2.853123
-3.201915
-3.529570
-3.846406
-4.169382
-4.491392
-4.786780
-5.030073
-5.196050
-5.319539
-5.417678
-5.439149
-5.332980
-5.048895
-4.568452
-3.929339
-3.164768
-2.305048
-1.377355
-0.331973
0.850783
2.100997
3.349116
4.525801
5.568388
6.524629
7.490766
8.562839
9.837018
11.400456
13.189924
15.075460
16.926350
18.612448
20.142186
21.602060
22.979472
24.261550
25.435140
26.496349
27.452667
28.308151
29.068302
29.740381
30.331699
30.840592
31.261941
31.590076
31.818526
31.934842
31.947751
31.878373
31.742830
31.552800
31.246552
30.809431
30.323910
29.874732
29.548367
29.372717
29.291777
29.267052
29.259441
29.229305
29.207380
29.219588
29.219084
29.159615
28.995562
28.675584
28.231828
27.743149
27.286591
26.937407
26.749312
26.669105
26.611567
26.492668
26.229348
25.822917
25.327007
24.739904
24.063724
23.303659
22.409371
21.381910
20.302516
19.250416
18.303073
17.469260
16.695298
15.964457
15.260513
14.567486
13.904516
13.282761
12.674242
12.050762
11.383849
10.639352
9.836444
9.026269
8.259805
7.587932
7.027051
6.543440
6.112614
5.709658
5.309072
4.928570
4.584324
4.248422
3.893474
3.492560
3.040515
2.555255
2.044824
1.517428
0.981499
0.414872
-0.187803
-0.792617
-1.365677
-1.873144
-2.301945
-2.674624
-3.010671
-3.329267
-3.649266
-3.989298
-4.335697
-4.659356
-4.932129
-5.127111
-5.309118
-5.498960
-5.604645
-5.533891
-5.194126
-4.501250
-3.523327
-2.391989
-1.232859
-0.165711
0.795242
1.736785
2.691942
3.691248
4.763514
5.896188
7.070412
8.305299
9.620112
11.033574
12.621792
14.372124
16.168591
17.894915
19.435182
20.769170
21.973324
23.077359
24.111044
25.104113
26.060025
26.959233
27.797374
28.570911
29.277176
29.939554
30.563332
31.118658
31.574594
31.898989
32.058280
32.077698
32.008430
31.896159
31.781786
31.632874
31.414897
31.165677
30.924499
30.731059
30.603126
30.514712
30.440330
30.354465
30.231572
30.083814
29.928334
29.747415
29.523825
29.240830
28.873028
28.433883
27.964032
27.501975
27.083979
26.745776
26.458311
26.161501
25.798729
25.316676
24.711295
24.021082
23.257777
22.432346
21.555238
20.583231
19.510543
18.402842
17.324438
16.338153
15.467936
14.671270
13.910743
13.149082
12.348841
11.492258
10.604924
9.713761
8.845159
8.025160
7.239269
6.470075
5.739180
5.067967
4.477272
4.004781
3.635870
3.312597
2.977792
2.574927
2.082231
1.537132
0.972179
0.420246
-0.085366
-0.543264
-0.975654
-1.384073
-1.769867
-2.134216
-2.467591
-2.768924
-3.051872
-3.329861
-3.616084
-3.921444
-4.236174
-4.542923
-4.825066
-5.066809
-5.330052
-5.626868
-5.867629
-5.962950
-5.823905
-5.429558
-4.845331
-4.109279
-3.254164
-2.307405
-1.189696
0.122069
1.518441
2.889156
4.123355
5.139330
6.011948
6.864571
7.820670
9.004168
10.505435
12.243346
14.083713
15.890570
17.526845
18.990760
20.372044
21.670869
22.887968
24.024412
25.065394
26.009622
26.878651
27.695104
28.482948
29.275491
30.058627
30.786535
31.413761
31.895092
32.215701
32.411689
32.510472
32.533688
32.497566
32.360364
32.104454
31.781237
31.443858
31.146579
30.883516
30.618648
30.361867
30.122965
29.911626
29.737914
29.594945
29.467191
29.339543
29.197338
29.050067
28.908623
28.759942
28.589689
28.382250
28.174961
27.974468
27.720470
27.355935
26.826974
26.088176
25.178723
24.172913
23.144531
22.166886
21.234072
20.298034
19.367861
18.451812
17.556980
16.690633
15.846076
15.009429
14.167740
13.308710
12.425708
11.528114
10.627545
9.734918
8.860473
7.971072
7.059526
6.174459
5.364493
4.678182
4.156615
3.766669
3.445702
3.131576
2.762588
2.340348
1.906322
1.458885
0.996421
0.517288
0.005620
-0.537547
-1.088382
-1.622839
-2.116669
-2.572895
-3.007691
-3.416292
-3.793666
-4.134454
-4.440938
-4.716034
-4.955377
-5.155034
-5.311533
-5.453766
-5.584500
-5.661439
-5.642425
-5.485753
-5.209049
-4.842821
-4.364669
-3.750891
-2.976338
-1.940287
-0.661480
0.708465
2.020645
3.128980
3.929293
4.523401
5.074426
5.743129
6.688666
7.982162
9.518163
11.190203
12.890436
14.510018
16.089956
17.701535
19.280969
20.764534
22.088498
23.231238
24.234448
25.129560
25.948565
26.723961
27.470188
28.165502
28.789586
29.323872
29.751399
30.079315
30.324174
30.481553
30.543594
30.499280
30.273793
29.871389
29.397988
28.959892
28.663605
28.510969
28.428737
28.411695
28.455599
28.556847
28.782451
29.133785
29.509923
29.811709
29.941989
29.851408
29.607972
29.290362
28.975044
28.736397
28.621677
28.579315
28.535046
28.415514
28.147882
27.730730
27.211805
26.592748
25.876987
25.069671
24.111163
23.000391
21.830637
20.694306
19.682217
18.821599
18.051801
17.329858
16.612338
15.855614
15.053328
14.234074
13.406913
12.580763
11.764135
10.948391
10.127979
9.315550
8.523585
7.764418
7.019489
6.280129
5.573420
4.926547
4.366831
3.932310
3.604860
3.327647
3.043652
2.695595
2.272327
1.811778
1.330223
0.844079
0.369868
-0.102656
-0.584671
-1.060779
-1.515331
-1.932490
-2.314470
-2.671911
-3.001422
-3.299331
-3.561542
-3.790256
-3.987286
-4.147815
-4.267571
-4.342961
-4.383324
-4.391059
-4.353147
-4.257340
-4.092762
-3.913673
-3.733736
-3.480687
-3.078262
-2.445573
-1.465862
-0.192245
1.205989
2.561324
3.707555
4.533248
5.152996
5.739324
6.463663
7.497192
8.939118
10.676487
12.561740
14.445815
16.179265
17.784335
19.359541
20.869968
22.280622
23.556506
24.680389
25.675482
26.567484
27.382346
28.146306
28.868699
29.533063
30.127957
30.642986
31.068559
31.423439
31.719735
31.935073
32.042638
32.011438
31.757177
31.295569
30.743983
30.220932
29.845752
29.635608
29.508457
29.436371
29.393048
29.353780
29.349496
29.398760
29.458822
29.485827
29.434920
29.279981
29.050878
28.785817
28.522591
28.297970
28.171213
28.111989
28.023885
27.815947
27.403353
26.748483
25.912547
24.962041
23.962498
22.978412
21.987668
20.947082
19.888679
18.845050
17.849168
16.914245
16.017690
15.139202
14.259312
13.359129
12.430584
11.487499
10.543305
9.610728
8.701910
7.797880
6.889791
6.004748
5.170048
4.413112
3.762501
3.199732
2.681780
2.165767
1.608853
1.003419
0.378270
-0.254889
-0.884454
-1.498979
-2.120662
-2.757585
-3.377029
-3.945952
-4.430946
-4.816372
-5.124130
-5.376822
-5.597125
-5.807806
-6.018560
-6.213824
-6.378844
-6.499306
-6.561395
-6.592854
-6.603685
-6.554087
-6.404710
-6.116995
-5.689816
-5.154301
-4.518710
-3.787089
-2.959129
-1.970415
-0.818237
0.407816
1.618370
2.724263
3.647902
4.450805
5.251972
6.169710
7.322233
8.797278
10.517361
12.351923
14.168613
15.834671
17.360956
18.834939
20.239088
21.555951
22.768178
23.861661
24.847572
25.746569
26.579843
27.369179
28.131317
28.852622
29.510260
30.082120
30.546931
30.901693
31.167438
31.355347
31.469600
31.507977
31.421213
31.204385
30.920768
30.634919
30.411596
30.259300
30.134124
30.022560
29.912041
29.791178
29.681621
29.592007
29.492059
29.351205
29.138603
28.821991
28.423104
27.991114
27.573873
27.217818
26.965901
26.784323
26.604599
26.359964
25.985121
25.464940
24.841700
24.138982
23.384180
22.607771
21.795868
20.932373
20.043146
19.151889
18.280854
17.426402
16.570945
15.716245
14.865102
14.021047
13.176921
12.331826
11.498631
10.689501
9.915870
9.171040
8.447266
7.753735
7.099430
6.493124
5.942843
5.441923
4.977118
4.535379
4.103811
3.701166
3.335581
2.978604
2.602167
2.178562
1.690946
1.158134
0.605970
0.060166
-0.453661
-0.940405
-1.417501
-1.877842
-2.313852
-2.717578
-3.090050
-3.436123
-3.753455
-4.039608
-4.291900
-4.514780
-4.709249
-4.867430
-4.981852
-5.045818
-5.102301
-5.157054
-5.148777
-5.016626
-4.700308
-4.172874
-3.481838
-2.675230
-1.794791
-0.876276
0.132788
1.261661
2.442158
3.605264
4.681564
5.588116
6.372367
7.160530
8.079036
9.254508
10.799251
12.629409
14.576086
16.469497
18.140201
19.576326
20.889844
22.097728
23.216855
24.263871
25.241619
26.138447
26.949260
27.669728
28.296389
28.828733
29.270668
29.626395
29.900470
30.097539
30.214927
30.254299
30.223085
30.123408
29.952803
29.642646
29.188240
28.683442
28.223553
27.904677
27.760205
27.728861
27.764827
27.820170
27.844899
27.845466
27.853447
27.856212
27.842047
27.800030
27.731198
27.644345
27.539855
27.417164
27.274211
27.158207
27.063882
26.911956
26.629657
26.151280
25.431000
24.518748
23.495414
22.440370
21.431517
20.438340
19.410588
18.394047
17.432452
16.567517
15.832440
15.196566
14.605582
14.005902
13.344269
12.617338
11.861197
11.081632
10.283965
9.473063
8.604115
7.673639
6.748096
5.893806
5.176889
4.636006
4.226348
3.888890
3.565015
3.196377
2.787580
2.377368
1.958977
1.525972
1.072140
0.584615
0.067275
-0.460707
-0.979712
-1.469537
-1.930380
-2.375222
-2.802580
-3.211015
-3.599170
-3.965242
-4.309772
-4.635086
-4.943562
-5.237665
-5.552795
-5.887239
-6.188081
-6.402873
-6.480339
-6.475571
-6.428773
-6.265791
-5.908345
-5.273288
-4.206855
-2.763046
-1.165895
0.361822
1.598053
2.415255
2.964291
3.439749
4.035465
4.945618
6.252929
7.829795
9.555222
11.306350
12.958441
14.546037
16.151161
17.718932
19.194465
20.522985
21.674617
22.685185
23.598529
24.458598
25.309473
26.172196
27.017456
27.814757
28.534773
29.149191
29.666290
30.109239
30.470862
30.741571
30.909445
30.934984
30.825053
30.634986
30.419129
30.230747
30.041616
29.811818
29.577908
29.378466
29.253936
29.267104
29.392497
29.539266
29.616144
29.531466
29.213751
28.724873
28.172564
27.663880
27.304907
27.155369
27.142338
27.172482
27.153437
26.993857
26.721318
26.393459
25.967599
25.405946
24.674937
23.693847
22.491398
21.197961
19.941165
18.845093
17.935170
17.126109
16.373801
15.634774
14.866081
14.081007
13.308140
12.528083
11.721438
10.868613
9.937198
8.940844
7.928348
6.947915
6.047320
5.224967
4.448539
3.719630
3.039702
2.409846
1.850427
1.360041
0.907225
0.461239
-0.008097
-0.512817
-1.032588
-1.548895
-2.043119
-2.496430
-2.909523
-3.295007
-3.651629
-3.978018
-4.272742
-4.547040
-4.801990
-5.020786
-5.186346
-5.281290
-5.307534
-5.276195
-5.183760
-5.027134
-4.803903
-4.547027
-4.260411
-3.898331
-3.414006
-2.759689
-1.853375
-0.730738
0.482118
1.663589
2.696850
3.515551
4.202809
4.867733
5.618089
6.560810
7.733372
9.066963
10.507548
11.998888
13.482730
15.017020
16.638010
18.253957
19.773493
21.105698
22.235200
23.222307
24.090015
24.861396
25.559568
26.172670
26.686080
27.118972
27.490762
27.820939
28.124058
28.389243
28.596801
28.725745
28.753815
28.646004
28.416371
28.114864
27.790770
27.492802
27.179241
26.815264
26.460393
26.174993
26.020048
26.052530
26.231738
26.472609
26.690339
26.800479
26.771538
26.660353
26.515293
26.384590
26.316262
26.344466
26.437442
26.544162
26.613944
26.595469
26.515663
26.401730
26.204150
25.880658
25.397043
24.724242
23.890370
22.951133
21.961480
20.975595
19.954687
18.864147
17.762806
16.708448
15.758022
14.942939
14.223908
13.551888
12.878345
12.155093
11.373374
10.566783
9.750067
8.936685
8.138870
7.327326
6.492970
5.677733
4.923457
4.271669
3.751921
3.335509
2.976607
2.629997
2.250981
1.845477
1.443338
1.036183
0.615806
0.174179
-0.305711
-0.818466
-1.338245
-1.839005
-2.294455
-2.700903
-3.075439
-3.422783
-3.747710
-4.055056
-4.355215
-4.644713
-4.907636
-5.128092
-5.290235
-5.400272
-5.468586
-5.485823
-5.442902
-5.331447
-5.191590
-5.032435
-4.799024
-4.434314
-3.879015
-3.035651
-1.946170
-0.757323
0.387570
1.349054
2.048146
2.583116
3.081272
3.667705
4.465813
5.505499
6.705606
8.021735
9.408205
10.817842
12.316580
13.934088
15.567771
17.115205
18.474246
19.621461
20.624199
21.516982
22.334559
23.111712
23.844688
24.510030
25.113234
25.660520
26.158861
26.627026
27.061695
27.436842
27.725979
27.902142
27.931168
27.831337
27.653468
27.447696
27.263597
27.065562
26.819116
26.575894
26.388112
26.308321
26.380315
26.569067
26.808967
27.034505
27.180409
27.242949
27.265077
27.252229
27.210519
27.146676
27.052305
26.923902
26.775549
26.621430
26.475088
26.376588
26.311415
26.212088
26.016853
25.670379
25.141686
24.472203
23.718384
22.935867
22.179453
21.445312
20.698442
19.945086
19.190167
18.437518
17.686731
16.933381
16.175372
15.411243
14.639942
13.856968
13.064031
12.269335
11.480512
10.704541
9.916057
9.110258
8.324306
7.595181
6.959710
6.441022
6.014022
5.643178
5.293015
4.928057
4.561132
4.215869
3.872881
3.512580
3.115134
2.672592
2.197584
1.701283
1.195229
0.691307
0.171163
-0.372823
-0.912405
-1.419323
-1.865298
-2.237007
-2.553163
-2.833405
-3.097173
-3.363729
-3.630754
-3.885004
-4.129327
-4.366524
-4.599343
-4.851790
-5.121715
-5.372678
-5.568439
-5.673320
-5.701022
-5.677253
-5.584935
-5.406613
-5.124268
-4.721063
-4.212522
-3.627137
-2.990937
-2.327229
-1.611628
-0.825628
0.000347
0.835263
1.647292
2.392609
3.094319
3.820177
4.637365
5.612382
6.803134
8.165485
9.611757
11.053681
12.402825
13.675065
14.927966
16.135722
17.272569
18.312837
19.235038
20.056157
20.808463
21.524258
22.235709
22.944512
23.629631
24.289100
24.921173
25.524373
26.100461
26.651865
27.177929
27.677323
28.147915
28.593168
29.014270
29.404716
29.757727
30.066225
30.320539
30.524590
30.690030
30.826745
30.942955
31.035144
31.091283
31.107271
31.081054
31.012613
30.887856
30.704971
30.484240
30.246441
30.012865
29.807907
29.616310
29.400488
29.123190
28.747668
28.243258
27.632688
26.962776
26.284218
25.651073
25.086914
24.561795
24.052155
23.535852
22.992395
22.406837
21.801413
21.210482
20.665790
20.196621
19.808994
19.486757
19.220920
18.998166
18.801033
18.667856
18.601863
18.533177
18.395126
18.123993
17.678343
17.102363
16.462948
15.826382
15.258058
14.752093
14.265310
13.806037
13.382292
13.001708
12.692856
12.449494
12.226916
11.980858
11.667602
11.273108
10.825723
10.346568
9.857827
9.382776
8.914956
8.441524
7.976236
7.531758
7.119592
6.735606
6.371600
6.032821
5.725408
5.456273
5.232359
5.051008
4.904143
4.782380
4.675139
4.575979
4.490782
4.425684
4.385625
4.374359
4.393807
4.436777
4.493257
4.554453
4.612855
4.671083
4.733076
4.793942
4.848374
4.890548
4.885793
4.836309
4.790679
4.796953
4.903055
5.123823
5.425838
5.785928
6.181283
6.588917
6.993462
7.411140
7.866787
8.385922
8.994583
9.724557
10.560790
11.458493
12.371989
13.255059
14.126638
15.017557
15.899381
16.743692
17.522035
18.239397
18.915414
19.543676
20.117898
20.631907
21.095221
21.513843
21.875585
22.167070
22.373626
22.472437
22.471990
22.403601
22.298741
22.189093
