





p2801 HIP CALC ROWS
521
522
523
524
525
526
527
528
529
530
531
532
533
534
535
536
537
538
539
540
541
542
543
544
545
546
547
548
549
550
551
552
553
554
555
556
557
558
559
560
561
562
563
564
565
566
567
568
569
570
571
572
573
574
575
576
577
578
579
580
581
582
583
584
585
586
587
588
589
590
591
592
593
594
595
596
597
598
599
600
601
602
603
604
605
606
607
608
609
610
611
612
613
614
615
616
617
618
619
620
621
622
623
624
625
626
627
628
629
630
631
632
633
634
635
636
637
638
639
640
641
642
643
644
645
646
647
648
649
650
651
652
653
654
655
656
657
658
659
660
661
662
663
664
665
666
667
668
669
670
671
672
673
674
675
676
677
678
679
680
681
682
683
684
685
686
687
688
689
690
691
692
693
694
695
696
697
698
699
700
701
702
703
704
705
706
707
708
709
710
711
712
713
714
715
716
717
718
719
720
721
722
723
724
725
726
727
728
729
730
731
732
733
734
735
736
737
738
739
740
741
742
743
744
745
746
747
748
749
750
751
752
753
754
755
756
757
758
759
760
761
762
763
764
765
766
767
768
769
770
771
772
773
774
775
776
777
778
779
780
781
782
783
784
785
786
787
788
789
790
791
792
793
794
795
796
797
798
799
800
801
802
803
804
805
806
807
808
809
810
811
812
813
814
815
816
817
818
819
820
821
822
823
824
825
826
827
828
829
830
831
832
833
834
835
836
837
838
839
840
841
842
843
844
845
846
847
848
849
850
851
852
853
854
855
856
857
858
859
860
861
862
863
864
865
866
867
868
869
870
871
872
873
874
875
876
877
878
879
880
881
882
883
884
885
886
887
888
889
890
891
892
893
894
895
896
897
898
899
900
901
902
903
904
905
906
907
908
909
910
911
912
913
914
915
916
917
918
919
920
921
922
923
924
925
926
927
928
929
930
931
932
933
934
935
936
937
938
939
940
941
942
943
944
945
946
947
948
949
950
951
952
953
954
955
956
957
958
959
960
961
962
963
964
965
966
967
968
969
970
971
972
973
974
975
976
977
978
979
980
981
982
983
984
985
986
987
988
989
990
991
992
993
994
995
996
997
998
999
1000
1001
1002
1003
1004
1005
1006
1007
1008
1009
1010
1011
1012
1013
1014
1015
1016
1017
1018
1019
1020
1021
1022
1023
1024
1025
1026
1027
1028
1029
1030
1031
1032
1033
1034
1035
1036
1037
1038
1039
1040
1041
1042
1043
1044
1045
1046
1047
1048
1049
1050
1051
1052
1053
1054
1055
1056
1057
1058
1059
1060
1061
1062
1063
1064
1065
1066
1067
1068
1069
1070
1071
1072
1073
1074
1075
1076
1077
1078
1079
1080
1081
1082
1083
1084
1085
1086
1087
1088
1089
1090
1091
1092
1093
1094
1095
1096
1097
1098
1099
1100
1101
1102
1103
1104
1105
1106
1107
1108
1109
1110
1111
1112
1113
1114
1115
1116
1117
1118
1119
1120
1121
1122
1123
1124
1125
1126
1127
1128
1129
1130
1131
1132
1133
1134
1135
1136
1137
1138
1139
1140
1141
1142
1143
1144
1145
1146
1147
1148
1149
1150
1151
1152
1153
1154
1155
1156
1157
1158
1159
1160
1161
1162
1163
1164
1165
1166
1167
1168
1169
1170
1171
1172
1173
1174
1175
1176
1177
1178
1179
1180
1181
1182
1183
1184
1185
1186
1187
1188
1189
1190
1191
1192
1193
1194
1195
1196
1197
1198
1199
1200
1201
1202
1203
1204
1205
1206
1207
1208
1209
1210
1211
1212
1213
1214
1215
1216
1217
1218
1219
1220
1221
1222
1223
1224
1225
1226
1227
1228
1229
1230
1231
1232
1233
1234
1235
1236
1237
1238
1239
1240
1241
1242
1243
1244
1245
1246
1247
1248
1249
1250
1251
1252
1253
1254
1255
1256
1257
1258
1259
1260
1261
1262
1263
1264
1265
1266
1267
1268
1269
1270
1271
1272
1273
1274
1275
1276
1277
1278
1279
1280
1281
1282
1283
1284
1285
1286
1287
1288
1289
1290
1291
1292
1293
1294
1295
1296
1297
1298
1299
1300
1301
1302
1303
1304
1305
1306
1307
1308
1309
1310
1311
1312
1313
1314
1315
1316
1317
1318
1319
1320
1321
1322
1323
1324
1325
1326
1327
1328
1329
1330
1331
1332
1333
1334
1335
1336
1337
1338
1339
1340
1341
1342
1343
1344
1345
1346
1347
1348
1349
1350
1351
1352
1353
1354
1355
1356
1357
1358
1359
1360
1361
1362
1363
1364
1365
1366
1367
1368
1369
1370
1371
1372
1373
1374
1375
1376
1377
1378
1379
1380
1381
1382
1383
1384
1385
1386
1387
1388
1389
1390
1391
1392
1393
1394
1395
1396
1397
1398
1399
1400
1401
1402
1403
1404
1405
1406
1407
1408
1409
1410
1411
1412
1413
1414
1415
1416
1417
1418
1419
1420
1421
1422
1423
1424
1425
1426
1427
1428
1429
1430
1431
1432
1433
1434
1435
1436
1437
1438
1439
1440
1441
1442
1443
1444
1445
1446
1447
1448
1449
1450
1451
1452
1453
1454
1455
1456
1457
1458
1459
1460
1461
1462
1463
1464
1465
1466
1467
1468
1469
1470
1471
1472
1473
1474
1475
1476
1477
1478
1479
1480
1481
1482
1483
1484
1485
1486
1487
1488
1489
1490
1491
1492
1493
1494
1495
1496
1497
1498
1499
1500
1501
1502
1503
1504
1505
1506
1507
1508
1509
1510
1511
1512
1513
1514
1515
1516
1517
1518
1519
1520
1521
1522
1523
1524
1525
1526
1527
1528
1529
1530
1531
1532
1533
1534
1535
1536
1537
1538
1539
1540
1541
1542
1543
1544
1545
1546
1547
1548
1549
1550
1551
1552
1553
1554
1555
1556
1557
1558
1559
1560
1561
1562
1563
1564
1565
1566
1567
1568
1569
1570
1571
1572
1573
1574
1575
1576
1577
1578
1579
1580
1581
1582
1583
1584
1585
1586
1587
1588
1589
1590
1591
1592
1593
1594
1595
1596
1597
1598
1599
1600
1601
1602
1603
1604
1605
1606
1607
1608
1609
1610
1611
1612
1613
1614
1615
1616
1617
1618
1619
1620
1621
1622
1623
1624
1625
1626
1627
1628
1629
1630
1631
1632
1633
1634
1635
1636
1637
1638
1639
1640
1641
1642
1643
1644
1645
1646
1647
1648
1649
1650
1651
1652
1653
1654
1655
1656
1657
1658
1659
1660
1661
1662
1663
1664
1665
1666
1667
1668
1669
1670
1671
1672
1673
1674
1675
1676
1677
1678
1679
1680
1681
1682
1683
1684
1685
1686
1687
1688
1689
1690
1691
1692
1693
1694
1695
1696
1697
1698
1699
1700
1701
1702
1703
1704
1705
1706
1707
1708
1709
1710
1711
1712
1713
1714
1715
1716
1717
1718
1719
1720
1721
1722
1723
1724
1725
1726
1727
1728
1729
1730
1731
1732
1733
1734
1735
1736
1737
1738
1739
1740
1741
1742
1743
1744
1745
1746
1747
1748
1749
1750
1751
1752
1753
1754
1755
1756
1757
1758
1759
1760
1761
1762
1763
1764
1765
1766
1767
1768
1769
1770
1771
1772
1773
1774
1775
1776
1777
1778
1779
1780
1781
1782
1783
1784
1785
1786
1787
1788
1789
1790
1791
1792
1793
1794
1795
1796
1797
1798
1799
1800
1801
1802
1803
1804
1805
1806
1807
1808
1809
1810
1811
1812
1813
1814
1815
1816
1817
1818
1819
1820
1821
1822
1823
1824
1825
1826
1827
1828
1829
1830
1831
1832
1833
1834
1835
1836
1837
1838
1839
1840
1841
1842
1843
1844
1845
1846
1847
1848
1849
1850
1851
1852
1853
1854
1855
1856
1857
1858
1859
1860
1861
1862
1863
1864
1865
1866
1867
1868
1869
1870
1871
1872
1873
1874
1875
1876
1877
1878
1879
1880
1881
1882
1883
1884
1885
1886
1887
1888
1889
1890
1891
1892
1893
1894
1895
1896
1897
1898
1899
1900
1901
1902
1903
1904
1905
1906
1907
1908
1909
1910
1911
1912
1913
1914
1915
1916
1917
1918
1919
1920
1921
1922
1923
1924
1925
1926
1927
1928
1929
1930
1931
1932
1933
1934
1935
1936
1937
1938
1939
1940
1941
1942
1943
1944
1945
1946
1947
1948
1949
1950
1951
1952
1953
1954
1955
1956
1957
1958
1959
1960
1961
1962
1963
1964
1965
1966
1967
1968
1969
1970
1971
1972
1973
1974
1975
1976
1977
1978
1979
1980
1981
1982
1983
1984
1985
1986
1987
1988
1989
1990
1991
1992
1993
1994
1995
1996
1997
1998
1999
2000
2001
2002
2003
2004
2005
2006
2007
2008
2009
2010
2011
2012
2013
2014
2015
2016
2017
2018
2019
2020
2021
2022
2023
2024
2025
2026
2027
2028
2029
2030
2031
2032
2033
2034
2035
2036
2037
2038
2039
2040
2041
2042
2043
2044
2045
2046
2047
2048
2049
2050
2051
2052
2053
2054
2055
2056
2057
2058
2059
2060
2061
2062
2063
2064
2065
2066
2067
2068
2069
2070
2071
2072
2073
2074
2075
2076
2077
2078
2079
2080
2081
2082
2083
2084
2085
2086
2087
2088
2089
2090
2091
2092
2093
2094
2095
2096
2097
2098
2099
2100
2101
2102
2103
2104
2105
2106
2107
2108
2109
2110
2111
2112
2113
2114
2115
2116
2117
2118
2119
2120
2121
2122
2123
2124
2125
2126
2127
2128
2129
2130
2131
2132
2133
2134
2135
2136
2137
2138
2139
2140
2141
2142
2143
2144
2145
2146
2147
2148
2149
2150
2151
2152
2153
2154
2155
2156
2157
2158
2159
2160
2161
2162
2163
2164
2165
2166
2167
2168
2169
2170
2171
2172
2173
2174
2175
2176
2177
2178
2179
2180
2181
2182
2183
2184
2185
2186
2187
2188
2189
2190
2191
2192
2193
2194
2195
2196
2197
2198
2199
2200
2201
2202
2203
2204
2205
2206
2207
2208
2209
2210
2211
2212
2213
2214
2215
2216
2217
2218
2219
2220
2221
2222
2223
2224
2225
2226
2227
2228
2229
2230
2231
2232
2233
2234
2235
2236
2237
2238
2239
2240
2241
2242
2243
2244
2245
2246
2247
2248
2249
2250
2251
2252
2253
2254
2255
2256
2257
2258
2259
2260
2261
2262
2263
2264
2265
2266
2267
2268
2269
2270
2271
2272
2273
2274
2275
2276
2277
2278
2279
2280
2281
2282
2283
2284
2285
2286
2287
2288
2289
2290
2291
2292
2293
2294
2295
2296
2297
2298
2299
2300
2301
2302
2303
2304
2305
2306
2307
2308
2309
2310
2311
2312
2313
2314
2315
2316
2317
2318
2319
2320
2321
2322
2323
2324
2325
2326
2327
2328
2329
2330
2331
2332
2333
2334
2335
2336
2337
2338
2339
2340
2341
2342
2343
2344
2345
2346
2347
2348
2349
2350
2351
2352
2353
2354
2355
2356
2357
2358
2359
2360
2361
2362
2363
2364
2365
2366
2367
2368
2369
2370
2371
2372
2373
2374
2375
2376
2377
2378
2379
2380
2381
2382
2383
2384
2385
2386
2387
2388
2389
2390
2391
2392
2393
2394
2395
2396
2397
2398
2399
2400
2401
2402
2403
2404
2405
2406
2407
2408
2409
2410
2411
2412
2413
2414
2415
2416
2417
2418
2419
2420
2421
2422
2423
2424
2425
2426
2427
2428
2429
2430
2431
2432
2433
2434
2435
2436
2437
2438
2439
2440
2441
2442
2443
2444
2445
2446
2447
2448
2449
2450
2451
2452
2453
2454
2455
2456
2457
2458
2459
2460
2461
2462
2463
2464
2465
2466
2467
2468
2469
2470
2471
2472
2473
2474
2475
2476
2477
2478
2479
2480
2481
2482
2483
2484
2485
2486
2487
2488
2489
2490
2491
2492
2493
2494
2495
2496
2497
2498
2499
2500
2501
2502
2503
2504
2505
2506
2507
2508
2509
2510
2511
2512
2513
2514
2515
2516
2517
2518
2519
2520
2521
2522
2523
2524
2525
2526
2527
2528
2529
2530
2531
2532
2533
2534
2535
2536
2537
2538
2539
2540
2541
2542
2543
2544
2545
2546
2547
2548
2549
2550
2551
2552
2553
2554
2555
2556
2557
2558
2559
2560
2561
2562
2563
2564
2565
2566
2567
2568
2569
2570
2571
2572
2573
2574
2575
2576
2577
2578
2579
2580
2581
2582
2583
2584
2585
2586
2587
2588
2589
2590
2591
2592
2593
2594
2595
2596
2597
2598
2599
2600
2601
2602
2603
2604
2605
2606
2607
2608
2609
2610
2611
2612
2613
2614
2615
2616
2617
2618
2619
2620
2621
2622
2623
2624
2625
2626
2627
2628
2629
2630
2631
2632
2633
2634
2635
2636
2637
2638
2639
2640
2641
2642
2643
2644
2645
2646
2647
2648
2649
2650
2651
2652
2653
2654
2655
2656
2657
2658
2659
2660
2661
2662
2663
2664
2665
2666
2667
2668
2669
2670
2671
2672
2673
2674
2675
2676
2677
2678
2679
2680
2681
2682
2683
2684
2685
2686
2687
2688
2689
2690
2691
2692
2693
2694
2695
2696
2697
2698
2699
2700
2701
2702
2703
2704
2705
2706
2707
2708
2709
2710
2711
2712
2713
2714
2715
2716
2717
2718
2719
2720
2721
2722
2723
2724
2725
2726
2727
2728
2729
2730
2731
2732
2733
2734
2735
2736
2737
2738
2739
2740
2741
2742
2743
2744
2745
2746
2747
2748
2749
2750
2751
2752
2753
2754
2755
2756
2757
2758
2759
2760
2761
2762
2763
2764
2765
2766
2767
2768
2769
2770
2771
2772
2773
2774
2775
2776
2777
2778
2779
2780
2781
2782
2783
2784
2785
2786
2787
2788
2789
2790
2791
2792
2793
2794
2795
2796
2797
2798
2799
2800
2801
2802
2803
2804
2805
2806
2807
2808
2809
2810
2811
2812
2813
2814
2815
2816
2817
2818
2819
2820
2821
2822
2823
2824
2825
2826
2827
2828
2829
2830
2831
2832
2833
2834
2835
2836
2837
2838
2839
2840
2841
2842
2843
2844
2845
2846
2847
2848
2849
2850
2851
2852
2853
2854
2855
2856
2857
2858
2859
2860
2861
2862
2863
2864
2865
2866
2867
2868
2869
2870
2871
2872
2873
2874
2875
2876
2877
2878
2879
2880
2881
2882
2883
2884
2885
2886
2887
2888
2889
2890
2891
2892
2893
2894
2895
2896
2897
2898
2899
2900
2901
2902
2903
2904
2905
2906
2907
2908
2909
2910
2911
2912
2913
2914
2915
2916
2917
2918
2919
2920
2921
2922
2923
2924
2925
2926
2927
2928
2929
2930
2931
2932
2933
2934
2935
2936
2937
2938
2939
2940
2941
2942
2943
2944
2945
2946
2947
2948
2949
2950
2951
2952
2953
2954
2955
2956
2957
2958
2959
2960
2961
2962
2963
2964
2965
2966
2967
2968
2969
2970
2971
2972
2973
2974
2975
2976
2977
2978
2979
2980
2981
2982
2983
2984
2985
2986
2987
2988
2989
2990
2991
2992
2993
2994
2995
2996
2997
2998
2999
3000
3001
3002
3003
3004
3005
3006
3007
3008
3009
3010
3011
3012
3013
3014
3015
3016
3017
3018
3019
3020
3021
3022
3023
3024
3025
3026
3027
3028
3029
3030
3031
3032
3033
3034
3035
3036
3037
3038
3039
3040
3041
3042
3043
3044
3045
3046
3047
3048
3049
3050
3051
3052
3053
3054
3055
3056
3057
3058
3059
3060
3061
3062
3063
3064
3065
3066
3067
3068
3069
3070
3071
3072
3073
3074
3075
3076
3077
3078
3079
3080
3081
3082
3083
3084
3085
3086
3087
3088
3089
3090
3091
3092
3093
3094
3095
3096
3097
3098
3099
3100
3101
3102
3103
3104
3105
3106
3107
3108
3109
3110
3111
3112
3113
3114
3115
3116
3117
3118
3119
3120
3121
3122
3123
3124
3125
3126
3127
3128
3129
3130
3131
3132
3133
3134
3135
3136
3137
3138
3139
3140
3141
3142
3143
3144
3145
3146
3147
3148
3149
3150
3151
3152
3153
3154
3155
3156
3157
3158
3159
3160
3161
3162
3163
3164
3165
3166
3167
3168
3169
3170
3171
3172
3173
3174
3175
3176
3177
3178
3179
3180
3181
3182
3183
3184
3185
3186
3187
3188
3189
3190
3191
3192
3193
3194
3195
3196
3197
3198
3199
3200
3201
3202
3203
3204
3205
3206
3207
3208
3209
3210
3211
3212
3213
3214
3215
3216
3217
3218
3219
3220
3221
3222
3223
3224
3225
3226
3227
3228
3229
3230
3231
3232
3233
3234
3235
3236
3237
3238
3239
3240
3241
3242
3243
3244
3245
3246
3247
3248
3249
3250
3251
3252
3253
3254
3255
3256
3257
3258
3259
3260
3261
3262
3263
3264
3265
3266
3267
3268
3269
3270
3271
3272
3273
3274
3275
3276
3277
3278
3279
3280
3281
3282
3283
3284
3285
3286
3287
3288
3289
3290
3291
3292
3293
3294
3295
3296
3297
3298
3299
3300
3301
3302
3303
3304
3305
3306
3307
3308
3309
3310
3311
3312
3313
3314
3315
3316
3317
3318
3319
3320
3321
3322
3323
3324
3325
3326
3327
3328
3329
3330
3331
3332
3333
3334
3335
3336
3337
3338
3339
3340
3341
3342
3343
3344
3345
3346
3347
3348
3349
3350
3351
3352
3353
3354
3355
3356
3357
3358
3359
3360
3361
3362
3363
3364
3365
3366
3367
3368
3369
3370
3371
3372
3373
3374
3375
3376
3377
3378
3379
3380
3381
3382
3383
3384
3385
3386
3387
3388
3389
3390
3391
3392
3393
3394
3395
3396
3397
3398
3399
3400
3401
3402
3403
3404
3405
3406
3407
3408
3409
3410
3411
3412
3413
3414
3415
3416
3417
3418
3419
3420
3421
3422
3423
3424
3425
3426
3427
3428
3429
3430
3431
3432
3433
3434
3435
3436
3437
3438
3439
3440
3441
3442
3443
3444
3445
3446
3447
3448
3449
3450
3451
3452
3453
3454
3455
3456
3457
3458
3459
3460
3461
3462
3463
3464
3465
3466
3467
3468
3469
3470
3471
3472
3473
3474
3475
3476
3477
3478
3479
3480
3481
3482
3483
3484
3485
3486
3487
3488
3489
3490
3491
3492
3493
3494
3495
3496
3497
3498
3499
3500
3501
3502
3503
3504
3505
3506
3507
3508
3509
3510
3511
3512
3513
3514
3515
3516
3517
3518
3519
3520
3521
3522
3523
3524
3525
3526
3527
3528
3529
3530
3531
3532
3533
3534
3535
3536
3537
3538
3539
3540
3541
3542
3543
3544
3545
3546
3547
3548
3549
3550
3551
3552
3553
3554
3555
3556
3557
3558
3559
3560
3561
3562
3563
3564
3565
3566
3567
3568
3569
3570
3571
3572
3573
3574
3575
3576
3577
3578
3579
3580
3581
3582
3583
3584
3585
3586
3587
3588
3589
3590
3591
3592
3593
3594
3595
3596
3597
3598
3599
3600
3601
3602
3603
3604
3605
3606
3607
3608
3609
3610
3611
3612
3613
3614
3615
3616
3617
3618
3619
3620
3621
3622
3623
3624
3625
3626
3627
3628
3629
3630
3631
3632
3633
3634
3635
3636
3637
3638
3639
3640
3641
3642
3643
3644
3645
3646
3647
3648
3649
3650
3651
3652
3653
3654
3655
3656
3657
3658
3659
3660
3661
3662
3663
3664
3665
3666
3667
3668
3669
3670
3671
3672
3673
3674
3675
3676
3677
3678
3679
3680
3681
3682
3683
3684
3685
3686
3687
3688
3689
3690
3691
3692
3693
3694
3695
3696
3697
3698
3699
3700
3701
3702
3703
3704
3705
3706
3707
3708
3709
3710
3711
3712
3713
3714
3715
3716
3717
3718
3719
3720
3721
3722
3723
3724
3725
3726
3727
3728
3729
3730
3731
3732
3733
3734
3735
3736
3737
3738
3739
3740
3741
3742
3743
3744
3745
3746
3747
3748
3749
3750
3751
3752
3753
3754
3755
3756
3757
3758
3759
3760
3761
3762
3763
3764
3765
3766
3767
3768
3769
3770
3771
3772
3773
3774
3775
3776
3777
3778
3779
3780
3781
3782
3783
3784
3785
3786
3787
3788
3789
3790
3791
3792
3793
3794
3795
3796
3797
3798
3799
3800






p2801 HIP CALC VALUES
2.642281
2.391326
2.148708
1.924328
1.728470
1.574739
1.457559
1.358144
1.256624
1.132020
0.954769
0.737735
0.523278
0.354164
0.273460
0.297491
0.397519
0.549073
0.727631
0.908662
1.050583
1.169150
1.326156
1.583891
2.005302
2.622973
3.397056
4.281869
5.230192
6.192849
7.183100
8.232412
9.318029
10.417413
11.508509
12.585399
13.663571
14.753590
15.865113
17.006907
18.211798
19.473584
20.741851
21.966045
23.095555
24.128608
25.098874
26.008903
26.861258
27.658432
28.406663
29.104116
29.741210
30.308742
30.798018
31.213271
31.561498
31.838338
32.038929
32.157817
32.180338
32.111059
31.971725
31.782556
31.562585
31.262460
30.867868
30.450353
30.081113
29.830583
29.725196
29.716613
29.763287
29.824485
29.860355
29.876053
29.898532
29.921532
29.939044
29.945273
29.937755
29.921730
29.902408
29.884192
29.870272
29.926649
30.046104
30.122873
30.055870
29.749138
29.131680
28.271476
27.283188
26.280590
25.376906
24.567913
23.780728
23.023520
22.301455
21.616972
21.010143
20.476879
19.952943
19.374345
18.677027
17.819645
16.845925
15.819414
14.803113
13.859280
12.978260
12.119239
11.296609
10.523912
9.813942
9.177839
8.606029
8.080187
7.582269
7.094282
6.629906
6.201004
5.786700
5.366082
4.918228
4.439646
3.943743
3.435276
2.919394
2.401564
1.868733
1.317420
0.767614
0.239361
-0.247194
-0.690177
-1.102991
-1.488274
-1.848562
-2.186246
-2.493784
-2.769146
-3.022899
-3.265697
-3.508383
-3.773351
-4.053246
-4.314684
-4.524542
-4.650101
-4.713107
-4.736915
-4.691591
-4.546986
-4.272573
-3.863837
-3.343351
-2.719793
-2.000271
-1.190251
-0.229970
0.886645
2.074250
3.246630
4.316629
5.211995
5.991322
6.763300
7.636329
8.718971
10.080520
11.651375
13.331375
15.018001
16.606624
18.117119
19.617358
21.073421
22.451423
23.717683
24.867508
25.922598
26.889249
27.774059
28.583898
29.323959
29.990577
30.577756
31.079840
31.491563
31.815549
32.059729
32.224837
32.307825
32.301846
32.156778
31.872922
31.518146
31.161981
30.875152
30.648174
30.432818
30.242224
30.090235
29.991791
29.995355
30.090549
30.205301
30.267850
30.206744
29.953463
29.556918
29.121857
28.752323
28.551396
28.621895
28.894175
29.211718
29.417882
29.356463
29.009311
28.479120
27.793968
26.984886
26.084779
25.007051
23.735160
22.404997
21.149457
20.097734
19.315830
18.713320
18.183313
17.619895
16.917678
16.037455
15.049910
14.015122
12.992991
12.043018
11.156972
10.296454
9.474598
8.703357
7.993616
7.345427
6.750541
6.207030
5.713023
5.266521
4.901109
4.617871
4.365980
4.094669
3.753203
3.335459
2.875132
2.381377
1.863480
1.330839
0.760148
0.145225
-0.478714
-1.076351
-1.612261
-2.086562
-2.522760
-2.920330
-3.278609
-3.596742
-3.867967
-4.091994
-4.277809
-4.434969
-4.573650
-4.713182
-4.847184
-4.947730
-4.987071
-4.938034
-4.827617
-4.677019
-4.450629
-4.111747
-3.622004
-2.920688
-2.034521
-1.053241
-0.065176
0.842236
1.633049
2.368427
3.106412
3.904505
4.819893
5.845078
6.942390
8.123857
9.401743
10.788619
12.365615
14.125768
15.948769
17.712960
19.295684
20.685288
21.962270
23.141599
24.238146
25.266764
26.223531
27.097921
27.895180
28.621109
29.282076
29.886599
30.432079
30.908586
31.306173
31.614820
31.831108
31.966210
32.028693
32.022195
31.945844
31.748542
31.425254
31.043679
30.672514
30.380818
30.173644
30.004636
29.866454
29.751931
29.654151
29.601526
29.598921
29.604425
29.576004
29.471604
29.270786
29.002724
28.699890
28.393949
28.115522
27.872897
27.644850
27.417476
27.178012
26.914131
26.682602
26.487023
26.237026
25.848455
25.243787
24.348184
23.220157
21.983424
20.758478
19.662401
18.692395
17.768657
16.890243
16.055987
15.264691
14.545502
13.898435
13.279236
12.643719
11.947472
11.178147
10.366678
9.532911
8.695744
7.873069
7.023540
6.134575
5.266209
4.478159
3.830029
3.372121
3.064200
2.830465
2.594908
2.280992
1.877974
1.436725
0.972889
0.502230
0.040641
-0.420722
-0.892512
-1.361280
-1.813380
-2.235005
-2.626908
-2.998122
-3.347159
-3.672383
-3.971948
-4.233453
-4.457730
-4.662750
-4.866605
-5.087532
-5.350764
-5.644138
-5.929892
-6.170308
-6.328059
-6.439559
-6.531576
-6.552770
-6.451280
-6.174364
-5.702443
-5.072931
-4.316396
-3.461498
-2.534966
-1.479024
-0.272336
1.004460
2.269722
3.440588
4.458835
5.380699
6.293740
7.284860
8.440651
9.823169
11.375313
13.004162
14.615126
16.112355
17.510164
18.870327
20.168037
21.379101
22.479828
23.457560
24.328014
25.110375
25.824133
26.489060
27.107643
27.667064
28.164792
28.599062
28.968953
29.295354
29.583253
29.806164
29.933910
29.932733
29.733813
29.355708
28.894843
28.449157
28.117525
27.892664
27.707274
27.570670
27.493212
27.486628
27.627631
27.908029
28.213816
28.431713
28.449284
28.185825
27.719802
27.176490
26.678043
26.343546
26.242137
26.291858
26.383933
26.409136
26.257709
25.924183
25.478052
24.925481
24.277630
23.549491
22.694251
21.707005
20.665067
19.644699
18.721296
17.917488
17.181809
16.477578
15.768182
15.017229
14.223915
13.412385
12.584128
11.740539
10.882694
9.987461
9.054879
8.119943
7.216897
6.379288
5.596225
4.844434
4.138678
3.493919
2.925242
2.463512
2.099099
1.786216
1.478598
1.129399
0.730516
0.312677
-0.113000
-0.535229
-0.942570
-1.333603
-1.716166
-2.092373
-2.464045
-2.832787
-3.202693
-3.572493
-3.935680
-4.285628
-4.615474
-4.930038
-5.233283
-5.517035
-5.773512
-5.995481
-6.202023
-6.398324
-6.557156
-6.651853
-6.656408
-6.617615
-6.556297
-6.407132
-6.103358
-5.576312
-4.734144
-3.622123
-2.375078
-1.127565
-0.013888
0.919171
1.764001
2.594888
3.485226
4.507781
5.668824
6.922550
8.262872
9.682178
11.170919
12.791419
14.548359
16.343688
18.079060
19.656218
21.069792
22.383115
23.601853
24.732388
25.781641
26.741654
27.608376
28.394900
29.114527
29.780897
30.427684
31.048000
31.594438
32.018581
32.270803
32.296696
32.130511
31.852899
31.542145
31.274614
31.017588
30.716721
30.416222
30.160778
29.995005
29.966704
30.045632
30.159942
30.238740
30.212006
30.054995
29.815439
29.532329
29.244840
28.992163
28.798279
28.636736
28.470572
28.262926
27.977139
27.631726
27.247408
26.793630
26.244500
25.578259
24.748933
23.775853
22.735419
21.702574
20.751113
19.891230
19.073025
18.279122
17.491861
16.693486
15.882252
15.069599
14.257892
13.449503
12.646573
11.845241
11.044687
10.250981
9.469703
8.705909
7.946398
7.186898
6.445531
5.740578
5.090530
4.517555
4.009127
3.532013
3.052971
2.538587
1.979189
1.397023
0.806431
0.221810
-0.342374
-0.892263
-1.437578
-1.969084
-2.477423
-2.953111
-3.404730
-3.838492
-4.241203
-4.599574
-4.900189
-5.125605
-5.284195
-5.401282
-5.502490
-5.613821
-5.767289
-5.945810
-6.102035
-6.188748
-6.159192
-6.044473
-5.878311
-5.618025
-5.219869
-4.638752
-3.793091
-2.714981
-1.527419
-0.351187
0.695160
1.561510
2.330248
3.082277
3.897504
4.855166
5.960554
7.161916
8.452820
9.826616
11.276237
12.869682
14.611786
16.399576
18.129307
19.696903
21.098150
22.400999
23.609804
24.729146
25.763799
26.706434
27.553843
28.317521
29.009670
29.643243
30.237303
30.786059
31.265202
31.649508
31.912670
32.024794
32.006022
31.901431
31.752179
31.596098
31.392079
31.109785
30.803547
30.528527
30.339919
30.269418
30.280632
30.326816
30.361090
30.336492
30.254790
30.146887
30.010152
29.842803
29.643760
29.403854
29.125295
28.823834
28.514755
28.212292
27.969546
27.770231
27.526581
27.158236
26.592431
25.772608
24.754240
23.634804
22.509704
21.472347
20.524877
19.605219
18.707727
17.825238
16.949512
16.097836
15.273230
14.446859
13.590721
12.677209
11.680950
10.622494
9.542620
8.480751
7.474811
6.504072
5.542645
4.619454
3.763192
3.002418
2.370680
1.848448
1.384792
0.928650
0.428558
-0.121440
-0.687094
-1.259865
-1.831207
-2.392612
-2.959655
-3.538289
-4.105356
-4.637423
-5.110909
-5.527710
-5.903750
-6.236303
-6.522381
-6.758684
-6.932964
-7.047574
-7.120605
-7.169709
-7.212065
-7.257653
-7.293889
-7.304240
-7.272778
-7.184512
-7.083662
-6.982371
-6.818409
-6.529000
-6.050628
-5.333222
-4.422854
-3.397260
-2.330394
-1.292704
-0.287036
0.737792
1.793176
2.889376
4.036189
5.221814
6.441316
7.714483
9.060043
10.495491
12.092274
13.838058
15.623360
17.338340
18.873025
20.213933
21.433394
22.550225
23.583361
24.551867
25.449532
26.263735
27.004319
27.681720
28.307025
28.906515
29.475730
29.979389
30.381109
30.643288
30.727148
30.660874
30.502930
30.306833
30.121879
29.916236
29.650888
29.364336
29.095709
28.883760
28.730946
28.610468
28.518003
28.450301
28.405078
28.413638
28.478709
28.555901
28.601042
28.570322
28.428555
28.207912
27.964483
27.751611
27.619826
27.658491
27.829551
27.992488
28.008776
27.742233
27.122604
26.243630
25.216969
24.153331
23.162143
22.224262
21.269665
20.328140
19.426111
18.587132
17.841323
17.169626
16.521654
15.847638
15.097910
14.251221
13.342089
12.404319
11.470916
10.573833
9.693008
8.807445
7.946407
7.138543
6.412010
5.778744
5.219128
4.713958
4.244078
3.790191
3.382504
3.033676
2.697986
2.329817
1.883603
1.328834
0.695762
0.030046
-0.622538
-1.216094
-1.745389
-2.241050
-2.710709
-3.161826
-3.601731
-4.028649
-4.437568
-4.830822
-5.210592
-5.578838
-5.956380
-6.341213
-6.701240
-7.004955
-7.221518
-7.389782
-7.531117
-7.588968
-7.507054
-7.229599
-6.752108
-6.115158
-5.329655
-4.404059
-3.344239
-2.030542
-0.456202
1.204353
2.775324
4.079574
4.990102
5.624381
6.171667
6.821563
7.764224
9.088780
10.669774
12.375445
14.072998
15.629116
17.056775
18.443985
19.769863
21.013603
22.154444
23.187641
24.126699
24.978298
25.749525
26.448038
27.078303
27.636711
28.119499
28.522967
28.843253
29.075448
29.226397
29.306341
29.320844
29.271497
29.090700
28.772466
28.410587
28.099819
27.934955
27.944982
28.065709
28.252399
28.461362
28.650178
28.869575
29.148108
29.411454
29.585911
29.598381
29.381048
28.985027
28.515134
28.074750
27.765565
27.637882
27.621127
27.635488
27.603246
27.447936
27.202092
26.911099
26.521191
25.986766
25.270497
24.293767
23.089943
21.790964
20.525309
19.417701
18.487950
17.650548
16.869660
16.109722
15.335518
14.563832
13.817677
13.071757
12.300786
11.479238
10.569310
9.588676
8.594250
7.642336
6.788705
6.036255
5.347019
4.715253
4.135323
3.601607
3.151816
2.789685
2.458587
2.101776
1.662305
1.120012
0.512445
-0.130665
-0.779343
-1.403428
-2.029244
-2.676978
-3.306997
-3.879488
-4.354445
-4.707117
-4.964268
-5.162805
-5.339270
-5.529767
-5.744057
-5.956918
-6.152041
-6.313796
-6.427328
-6.512480
-6.579596
-6.600418
-6.547213
-6.393270
-6.177748
-5.924002
-5.580999
-5.094281
-4.405380
-3.401985
-2.122051
-0.728428
0.617301
1.754329
2.583584
3.215179
3.801490
4.494402
5.446187
6.716679
8.206418
9.828864
11.495824
13.117383
14.743641
16.433298
18.107940
19.689124
21.098602
22.316979
23.395550
24.362446
25.245951
26.074388
26.844282
27.536902
28.158012
28.713854
29.211221
29.668215
30.082935
30.431803
30.689845
30.830523
30.823185
30.685609
30.461666
30.193878
29.923630
29.609039
29.219277
28.812971
28.449848
28.190384
28.087193
28.100336
28.152021
28.164618
28.060759
27.792071
27.410815
26.990438
26.603907
26.323812
26.201605
26.189569
26.210729
26.186656
26.037004
25.780865
25.464694
25.051829
24.513451
23.828101
22.932303
21.848455
20.684764
19.546438
18.535836
17.668709
16.875054
16.126629
15.395234
14.652817
13.915316
13.200656
12.484416
11.742408
10.950444
10.092300
9.185390
8.255287
7.326447
6.422277
5.513014
4.582319
3.673261
2.828980
2.092564
1.493055
1.001704
0.574833
0.168764
-0.260354
-0.709871
-1.150609
-1.586836
-2.022800
-2.462728
-2.920899
-3.394851
-3.863471
-4.305424
-4.699219
-5.043070
-5.351550
-5.627479
-5.873331
-6.091125
-6.279067
-6.435098
-6.560624
-6.657405
-6.727708
-6.796931
-6.863798
-6.891314
-6.842832
-6.682392
-6.442624
-6.151959
-5.767693
-5.244521
-4.534041
-3.539633
-2.293586
-0.937097
0.390590
1.551788
2.478392
3.266250
4.023213
4.855705
5.869452
7.103412
8.487995
9.965660
11.477692
12.964546
14.471326
16.036557
17.590185
19.062073
20.382190
21.535436
22.567978
23.501948
24.359578
25.163067
25.914207
26.598432
27.213631
27.758171
28.230948
28.653337
29.028605
29.327886
29.520704
29.574886
29.426717
29.096550
28.676992
28.260633
27.939897
27.703592
27.487773
27.306005
27.172801
27.103634
27.158339
27.325790
27.516475
27.642033
27.615283
27.378079
26.990849
26.544293
26.127919
25.829893
25.711224
25.711348
25.735537
25.689887
25.481314
25.111411
24.639589
24.062557
23.381510
22.601385
21.666597
20.578809
19.428464
18.304586
17.294624
16.416733
15.610817
14.845805
14.091113
13.316717
12.526071
11.739709
10.953617
10.163293
9.363541
8.531246
7.670096
6.814110
5.996843
5.251432
4.574081
3.941759
3.358725
2.829483
2.358672
1.982872
1.699259
1.453345
1.190424
0.855485
0.428861
-0.053151
-0.561710
-1.067787
-1.542150
-1.987203
-2.422414
-2.843899
-3.247715
-3.629870
-3.986714
-4.320871
-4.637629
-4.942119
-5.239291
-5.542435
-5.847597
-6.133977
-6.381203
-6.569357
-6.715413
-6.833071
-6.897687
-6.884554
-6.769263
-6.576256
-6.323897
-5.978791
-5.506563
-4.871577
-3.989490
-2.885747
-1.686902
-0.517131
0.501534
1.306254
1.981705
2.627338
3.341751
4.223079
5.288265
6.472127
7.749256
9.093812
10.479540
11.967229
13.573097
15.203939
16.766877
18.169421
19.396775
20.510662
21.533422
22.487202
23.394036
24.255793
25.057726
25.797268
26.472436
27.081769
27.638247
28.144637
28.584283
28.940336
29.195748
29.338139
29.382124
29.348451
29.254164
29.112933
28.880613
28.543483
28.160351
27.791003
27.495741
27.272701
27.081010
26.923306
26.802863
26.723600
26.726921
26.810878
26.914772
26.977956
26.939899
26.770721
26.512167
26.210529
25.910770
25.656661
25.477221
25.342432
25.207419
25.027431
24.757107
24.415761
24.028911
23.562561
22.989388
22.288511
21.404977
20.360008
19.246849
18.155048
17.170703
16.305004
15.497277
14.724478
13.964401
13.195495
12.415077
11.637827
10.868538
10.111653
9.371123
8.643442
7.925887
7.223146
6.539808
5.880423
5.233884
4.597124
3.986706
3.419037
2.910261
2.486737
2.137160
1.821074
1.498325
1.129090
0.710455
0.268983
-0.190667
-0.663801
-1.145710
-1.659595
-2.208659
-2.758095
-3.272988
-3.718313
-4.084893
-4.395951
-4.664953
-4.905327
-5.130398
-5.323987
-5.476797
-5.612370
-5.754315
-5.926346
-6.150241
-6.409615
-6.671250
-6.902321
-7.070550
-7.196404
-7.302311
-7.359583
-7.339677
-7.214160
-7.003815
-6.730588
-6.366366
-5.880688
-5.240776
-4.369856
-3.287307
-2.103552
-0.929461
0.123780
0.995543
1.761056
2.512467
3.341446
4.339179
5.539064
6.879899
8.310634
9.780223
11.237702
12.725327
14.276479
15.826622
17.310863
18.664134
19.873639
20.981991
22.007512
22.968761
23.884342
24.756866
25.573847
26.331729
27.027844
27.660448
28.256357
28.818873
29.311343
29.696805
29.938007
30.008002
29.934840
29.760964
29.524961
29.261863
28.927182
28.492295
28.015914
27.558201
27.180334
26.887492
26.639716
26.431375
26.256651
26.109485
26.003868
25.944431
25.910601
25.881438
25.835772
25.777284
25.720432
25.659977
25.590139
25.504311
25.443463
25.409925
25.339199
25.168513
24.837046
24.305398
23.615487
22.829977
22.012033
21.225161
20.448138
19.642218
18.842380
18.080315
17.384531
16.774337
16.226942
15.707065
15.180367
14.613059
13.986904
13.324929
12.655523
12.006819
11.406605
10.843674
10.299640
9.791174
9.334831
8.947029
8.640966
8.405368
8.219870
8.064244
7.918413
7.811832
7.757722
7.711816
7.629967
7.468161
7.198918
6.851716
6.468025
6.089270
5.756835
5.467039
5.192448
4.938689
4.711183
4.515114
4.342597
4.189772
4.067826
3.988078
3.961954
3.997923
4.088602
4.221166
4.381984
4.556767
4.716188
4.868995
5.057269
5.321987
5.702623
6.200459
6.783397
7.442862
8.175254
8.981767
9.930082
11.027666
12.183682
13.301154
14.278376
15.067450
15.731384
16.334885
16.944624
17.628334
18.434015
19.321195
20.223665
21.073018
21.798451
22.382744
22.872081
23.288837
23.655246
23.993252
24.308397
24.583250
24.805570
24.964164
25.049070
25.062341
25.010227
24.889426
24.695737
24.424052
24.015658
23.472104
22.877061
22.312783
21.860162
21.537714
21.284964
21.067219
20.853840
20.618542
20.395221
20.210792
20.031906
19.823075
19.546020
19.208194
18.839452
18.433745
17.985583
17.488638
16.856500
16.092837
15.325935
14.685829
14.300271
14.285709
14.550070
14.907108
15.172876
15.164922
14.820000
14.258491
13.575217
12.865505
12.225080
11.631373
11.019409
10.422733
9.876630
9.417943
9.079703
8.840617
8.655558
8.477645
8.258523
8.011007
7.765109
7.498307
7.189327
6.818123
6.357180
5.821465
5.255099
4.701502
4.203351
3.754518
3.326399
2.927182
2.564772
2.246810
1.984668
1.772590
1.591985
1.423808
1.248406
1.039421
0.807590
0.588091
0.415972
0.326434
0.363685
0.501075
0.669486
0.801650
0.831849
0.726681
0.531864
0.301404
0.089464
-0.049630
-0.107139
-0.116644
-0.088405
-0.034165
0.032891
0.066876
0.075062
0.123093
0.276889
0.602661
1.110217
1.754209
2.519354
3.391756
4.358779
5.453385
6.686598
8.012797
9.385079
10.755359
12.128795
13.536814
14.970307
16.420275
17.877583
19.356037
20.859795
22.365517
23.851092
25.295989
26.714060
28.119780
29.494572
30.819535
32.075418
33.292027
34.481640
35.599585
36.602821
37.449973
38.157411
38.756967
39.230730
39.559396
39.722180
39.662480
39.395941
39.006730
38.575933
38.182011
37.807298
37.394128
36.961823
36.531220
36.124550
35.738715
35.363159
35.009381
34.685009
34.393415
34.166491
33.999790
33.839759
33.631121
33.317214
32.919601
32.469744
31.930697
31.272057
30.468689
29.459382
28.269275
27.001625
25.756079
24.629167
23.634391
22.704059
21.811934
20.932804
20.042251
19.147975
18.267191
17.390100
16.506365
15.604977
14.659362
13.676949
12.696935
11.758134
10.898967
10.126359
9.413750
8.749351
8.121496
7.518407
6.969233
6.481634
6.011634
5.515492
4.949543
4.274280
3.518612
2.741606
2.002628
1.361400
0.838725
0.395008
-0.000254
-0.377428
-0.766730
-1.186888
-1.617265
-2.029040
-2.393517
-2.682129
-2.882981
-3.014901
-3.095720
-3.143529
-3.177214
-3.276998
-3.434243
-3.534697
-3.461969
-3.096939
-2.325957
-1.229883
0.022992
1.267454
2.340752
3.185692
3.914485
4.618224
5.387633
6.314178
7.415065
8.630758
9.938159
11.313159
12.730499
14.253441
15.898399
17.568499
19.166463
20.594868
21.829378
22.933956
23.943788
24.894229
25.820769
26.732758
27.606678
28.428980
29.186511
29.866593
30.489228
31.065559
31.568892
31.970665
32.240346
32.334896
32.273770
32.118261
31.928960
31.765901
31.614723
31.433226
31.240149
31.054432
30.895069
30.787855
30.720260
30.654487
30.552950
30.378154
30.093647
29.725604
29.330042
28.962542
28.677891
28.514797
28.434328
28.374694
28.276089
28.080831
27.805681
27.488846
27.107098
26.638926
26.064701
25.338975
24.480860
23.566587
22.668144
21.852868
21.142942
20.490268
19.854157
19.194447
18.471474
17.677449
16.838492
15.966397
15.072819
14.169087
13.226383
12.237920
11.247350
10.297426
9.430029
8.641886
7.904151
7.220037
6.592936
6.026363
5.561661
5.196847
4.870246
4.519576
4.081848
3.546864
2.955560
2.321758
1.660026
0.985614
0.266273
-0.507399
-1.285588
-2.018619
-2.656985
-3.193561
-3.661434
-4.071552
-4.434773
-4.761836
-5.050117
-5.292540
-5.492948
-5.655045
-5.782429
-5.890727
-5.977289
-6.018438
-5.990763
-5.871490
-5.699530
-5.493121
-5.198468
-4.759873
-4.119087
-3.181149
-1.982935
-0.662112
0.642736
1.792026
2.724838
3.535065
4.314868
5.156277
6.151474
7.319082
8.599797
9.968352
11.397615
12.858592
14.414030
16.081303
17.762228
19.358683
20.772666
21.996228
23.094125
24.077787
24.959034
25.749868
26.431976
26.997497
27.474186
27.890460
28.275509
28.649396
28.994555
29.283607
29.488169
29.578798
29.522041
29.337915
29.075064
28.780396
28.499436
28.183272
27.798387
27.414002
27.100268
26.927799
26.948031
27.114414
27.350936
27.581728
27.731194
27.815086
27.884337
27.916735
27.890611
27.784825
27.556003
27.222032
26.851699
26.510076
26.258753
26.138136
26.102500
26.084397
26.018869
25.842122
25.576023
25.259564
24.856195
24.334936
23.671186
22.798390
21.740651
20.610120
19.514018
18.554628
17.754987
17.043968
16.380458
15.723971
15.034506
14.316106
13.596248
12.870263
12.132973
11.378476
10.584064
9.753799
8.920857
8.117845
7.377025
6.705949
6.082453
5.494351
4.929296
4.374488
3.844346
3.346978
2.859974
2.361269
1.829054
1.242891
0.617205
-0.017305
-0.629739
-1.188940
-1.696733
-2.173696
-2.616627
-3.022392
-3.387935
-3.701595
-3.965549
-4.197422
-4.414651
-4.634466
-4.882604
-5.147078
-5.388541
-5.567992
-5.646897
-5.646050
-5.591699
-5.454055
-5.203761
-4.812140
-4.258541
-3.566374
-2.771524
-1.906484
-1.000650
-0.018828
1.061489
2.193264
3.328812
4.419895
5.416074
6.350136
7.298548
8.337808
9.544493
11.000863
12.656250
14.387194
16.069620
17.579387
18.916302
20.162518
21.317536
22.381012
23.352676
24.214735
24.966752
25.634649
26.245296
26.826874
27.402436
27.955846
28.457567
28.877766
29.186103
29.374992
29.470452
29.487980
29.436985
29.321199
29.060365
28.644239
28.180755
27.780037
27.553650
27.548260
27.688987
27.906593
28.132922
28.300898
28.432503
28.573721
28.693884
28.762251
28.748232
28.628670
28.425747
28.176158
27.914847
27.674905
27.504605
27.379126
27.221855
26.957395
26.511712
25.841888
24.998708
24.050022
23.063639
22.106941
21.162796
20.187831
19.207862
18.247029
17.328324
16.455633
15.611753
14.788491
13.978152
13.173055
12.373488
11.585932
10.811348
10.049908
9.301004
8.550380
7.798042
7.064091
6.368463
5.730932
5.170197
4.672397
4.208597
3.750041
3.268003
2.760744
2.247391
1.730576
1.213023
0.697545
0.168834
-0.374984
-0.910754
-1.415149
-1.864642
-2.238952
-2.553230
-2.837011
-3.120031
-3.432306
-3.805451
-4.219663
-4.628079
-4.983761
-5.239635
-5.400672
-5.498358
-5.525351
-5.474500
-5.339209
-5.162577
-4.951527
-4.645548
-4.183165
-3.501429
-2.495355
-1.207731
0.205415
1.589419
2.790515
3.735910
4.530821
5.288369
6.120896
7.140619
8.384605
9.780232
11.274636
12.812766
14.337602
15.902651
17.543873
19.176941
20.717825
22.082852
23.258406
24.300004
25.227966
26.062688
26.824573
27.518662
28.131897
28.657782
29.090237
29.423473
29.660755
29.808686
29.864883
29.824480
29.680309
29.370200
28.895894
28.345585
27.808471
27.374416
27.020385
26.685450
26.403231
26.208122
26.135377
26.254753
26.542695
26.895398
27.209587
27.382545
27.393750
27.312723
27.172107
27.004443
26.842128
26.682000
26.503217
26.311012
26.110054
25.903677
25.728459
25.574505
25.377112
25.078610
24.628976
24.000208
23.231130
22.375951
21.487885
20.618973
19.759535
18.875301
17.979664
17.085713
16.206797
15.344480
14.489289
13.638862
12.791149
11.944092
11.082159
10.208684
9.348685
8.525629
7.761595
7.050621
6.377013
5.747784
5.169812
4.649364
4.216983
3.867108
3.551764
3.224209
2.838937
2.389214
1.905832
1.400185
0.883645
0.367594
-0.170618
-0.739021
-1.304040
-1.831621
-2.287229
-2.648048
-2.936852
-3.187224
-3.432593
-3.706241
-4.019962
-4.351287
-4.682161
-4.994658
-5.271044
-5.539353
-5.811765
-6.047174
-6.204929
-6.245178
-6.229848
-6.190316
-6.040141
-5.689722
-5.045712
-3.953253
-2.472145
-0.827968
0.753576
2.046363
2.932587
3.565365
4.123814
4.785616
5.727852
7.010823
8.517431
10.158774
11.844459
13.482703
15.136176
16.864790
18.571761
20.160588
21.535225
22.657546
23.591472
24.394256
25.123096
25.835109
26.539872
27.199540
27.800539
28.330035
28.776003
29.149889
29.464952
29.709397
29.866382
29.914231
29.774916
29.457212
29.068946
28.720213
28.522625
28.504204
28.589849
28.737181
28.904950
29.053441
29.243960
29.503383
29.741569
29.868462
29.794363
29.441531
28.872749
28.208438
27.566201
27.060532
26.740465
26.526790
26.340849
26.105099
25.742788
25.255234
24.692104
24.051259
23.333731
22.543112
21.638603
20.620916
19.555680
18.507779
17.540867
16.657842
15.815090
15.005289
14.221424
13.456880
12.721592
12.020248
11.338535
10.661646
9.974137
9.258484
8.524698
7.798149
7.104162
6.467992
5.891921
5.358598
4.863831
4.403546
3.973780
3.610925
3.317042
3.037254
2.717379
2.303800
1.757101
1.113661
0.433570
-0.223202
-0.796688
-1.281180
-1.716825
-2.112330
-2.476299
-2.817240
-3.129007
-3.405836
-3.656620
-3.890062
-4.114748
-4.348132
-4.584015
-4.795716
-4.957062
-5.042782
-5.097442
-5.140988
-5.111788
-4.947330
-4.583810
-3.964430
-3.135757
-2.184979
-1.195077
-0.245238
0.653408
1.558905
2.496502
3.490116
4.563032
5.713280
6.926306
8.206524
9.558139
10.984911
12.556272
14.270307
16.022243
17.706218
19.215951
20.545392
21.764433
22.880748
23.902027
24.835869
25.672274
26.405890
27.051486
27.624670
28.141974
28.618834
29.046755
29.406805
29.679511
29.844601
29.860756
29.744883
29.560008
29.364530
29.212796
29.063879
28.875390
28.699938
28.591156
28.602718
28.828790
29.234209
29.679224
30.024434
30.130734
29.914832
29.470826
28.925011
28.402981
28.029514
27.868294
27.834434
27.829527
27.755825
27.516416
27.097895
26.563981
25.936076
25.237881
24.494277
23.688089
22.803407
21.866659
20.905837
19.950855
18.979794
17.973599
16.966852
15.993652
15.087832
14.262982
13.496503
12.767656
12.055247
11.337601
10.599869
9.856331
9.128553
8.437754
7.804631
7.234195
6.711417
6.226873
5.771848
5.338348
4.948614
4.608017
4.283969
3.944133
3.556302
3.103091
2.605879
2.090632
1.583553
1.111212
0.685466
0.288590
-0.096689
-0.487343
-0.900088
-1.342726
-1.803397
-2.269325
-2.727820
-3.166263
-3.610692
-4.068987
-4.501586
-4.869332
-5.133742
-5.324524
-5.468687
-5.524567
-5.451017
-5.207830
-4.787288
-4.225245
-3.543315
-2.755263
-1.866954
-0.800566
0.454622
1.795804
3.119106
4.319731
5.324096
6.203166
7.068174
8.030396
9.201626
10.671391
12.365656
14.150826
15.892565
17.456439
18.841212
20.136241
21.342661
22.461349
23.493224
24.429533
25.269802
26.027619
26.716785
27.351164
27.949317
28.503567
28.988360
29.378088
29.647019
29.765198
29.753834
29.660368
29.527101
29.391881
29.196801
28.911059
28.613102
28.382279
28.297770
28.421763
28.700675
29.040401
29.348147
29.532543
29.592863
29.591129
29.530701
29.414911
29.247253
29.009723
28.701631
28.351689
27.986858
27.632283
27.313174
27.009037
26.677300
26.278265
25.774856
25.159682
24.459648
23.690307
22.867287
22.006529
21.067619
20.042641
18.994808
17.984450
17.069077
16.262861
15.524849
14.829311
14.151025
13.464807
12.780043
12.114012
11.453120
10.783463
10.090820
9.356154
8.588783
7.816709
7.067807
6.369801
5.727643
5.122141
4.544957
3.988163
3.444207
2.920198
2.421348
1.937417
1.458128
0.973194
0.471441
-0.040387
-0.545550
-1.027122
-1.468010
-1.864041
-2.226311
-2.560550
-2.872533
-3.168094
-3.447869
-3.708014
-3.947626
-4.165708
-4.361167
-4.568115
-4.787092
-4.966762
-5.056182
-5.005194
-4.833877
-4.578905
-4.215154
-3.715810
-3.052050
-2.130828
-0.972403
0.284816
1.504331
2.551380
3.342129
3.969587
4.564450
5.256013
6.172738
7.365484
8.748630
10.246159
11.782037
13.280467
14.790899
16.364339
17.926870
19.403723
20.719477
21.860238
22.875570
23.785002
24.608129
25.364527
26.047782
26.644518
27.164743
27.619832
28.022534
28.383840
28.699845
28.960349
29.152675
29.261559
29.247452
29.119995
28.934744
28.745864
28.606282
28.499341
28.385928
28.286122
28.221007
28.212202
28.319785
28.530082
28.754747
28.905461
28.893961
28.658961
28.260759
27.792550
27.346151
27.012073
26.836565
26.758031
26.704622
26.604268
26.384180
26.062769
25.683012
25.211863
24.623134
23.897039
22.981205
21.896585
20.733777
19.580396
18.520916
17.550617
16.611219
15.704415
14.832065
13.996419
13.223898
12.512777
11.823664
11.116955
10.352568
9.503470
8.596913
7.673285
6.772197
5.932682
5.145880
4.385103
3.662673
2.990853
2.381518
1.863831
1.429650
1.034812
0.635552
0.188401
-0.326945
-0.881324
-1.443948
-1.983935
-2.470217
-2.899517
-3.292531
-3.653970
-3.988502
-4.300795
-4.592206
-4.859787
-5.101600
-5.315435
-5.498752
-5.654379
-5.783061
-5.879373
-5.938763
-5.957796
-5.978884
-6.006433
-5.980803
-5.842151
-5.530463
-5.021799
-4.361162
-3.589147
-2.741809
-1.850597
-0.879082
0.198499
1.336264
2.487261
3.603866
4.637667
5.621674
6.630006
7.736625
9.015142
10.551857
12.298786
14.126630
15.904778
17.501846
18.912096
20.221256
21.435047
22.559576
23.601292
24.545263
25.386647
26.147430
26.850435
27.519532
28.180197
28.819279
29.403235
29.897919
30.268406
30.495244
30.606611
30.634565
30.605347
30.539888
30.385107
30.119927
29.812858
29.534101
29.354675
29.298381
29.318026
29.378677
29.445434
29.483535
29.500473
29.518974
29.527932
29.517185
29.477333
29.421624
29.358233
29.269487
29.136514
28.939266
28.712495
28.465377
28.140951
27.686248
27.052175
26.177252
25.098797
23.916988
22.730622
21.636993
20.638007
19.669717
18.728291
17.808276
16.902815
16.021684
15.166743
14.319642
13.463148
12.580867
11.659793
10.712777
9.761808
8.827410
7.928720
7.045480
6.163893
5.312134
4.518471
3.811060
3.214812
2.710221
2.258952
1.823250
1.365810
0.879900
0.390689
-0.091123
-0.554854
-0.989795
-1.383327
-1.742730
-2.086979
-2.434827
-2.804799
-3.216108
-3.656025
-4.095065
-4.503836
-4.853042
-5.142572
-5.391883
-5.601100
-5.770323
-5.899647
-6.000786
-6.073516
-6.100196
-6.063436
-5.946831
-5.798229
-5.633846
-5.389912
-4.999453
-4.391422
-3.457651
-2.245969
-0.914267
0.382127
1.489985
2.328379
3.004537
3.646977
4.382719
5.338158
6.565368
7.981220
9.508694
11.069377
12.583648
14.096038
15.658221
17.200258
18.652028
19.943460
21.052769
22.025956
22.895010
23.692017
24.448909
25.173011
25.843341
26.449456
26.981309
27.429245
27.802717
28.110160
28.339875
28.478971
28.513321
28.401220
28.151628
27.825072
27.481437
27.179976
26.891623
26.574422
26.268781
26.016198
25.859108
25.843764
25.942025
26.085431
26.205825
26.235450
26.155161
26.010750
25.831972
25.648352
25.489196
25.373513
25.282098
25.186490
25.057786
24.866047
24.641140
24.396893
24.081155
23.648436
23.060139
22.262488
21.288195
20.230231
19.179140
18.222972
17.362906
16.540194
15.750142
14.986878
14.243797
13.538057
12.872463
12.219469
11.551773
10.841886
10.072059
9.261758
8.438562
7.629102
6.859149
6.109695
5.362790
4.645363
3.984348
3.406569
2.940304
2.567141
2.243982
1.928029
1.576698
1.188277
0.791271
0.388568
-0.016905
-0.422188
-0.832504
-1.249816
-1.666149
-2.073407
-2.463354
-2.835746
-3.195789
-3.543316
-3.878170
-4.200211
-4.512387
-4.814497
-5.101762
-5.369514
-5.613213
-5.855867
-6.100399
-6.312471
-6.458114
-6.503973
-6.479047
-6.407983
-6.251069
-5.967688
-5.516113
-4.832182
-3.945646
-2.953335
-1.949841
-1.027496
-0.200979
0.594757
1.387564
2.204218
3.070627
3.960203
4.856207
5.798951
6.828901
7.986778
9.348267
10.888044
12.493861
14.051154
15.443601
16.659484
17.774042
18.801080
19.754864
20.649902
21.475282
22.221135
22.903868
23.540623
24.149376
24.761907
25.368730
25.925997
26.389026
26.712208
26.859019
26.862716
26.778933
26.659206
26.551466
26.412178
26.204445
25.986108
25.815853
25.752399
25.834208
26.022050
26.258315
26.485646
26.646996
26.746122
26.821266
26.867451
26.879852
26.853833
26.787013
26.683493
26.548224
26.385613
26.199073
26.009306
25.810209
25.565755
25.243852
24.816478
24.262269
23.602734
22.876017
22.120245
21.373918
20.618761
19.833058
19.048343
18.292370
17.589085
16.951022
16.358571
15.786315
15.209765
14.605071
13.976242
13.339735
12.690751
12.024203
11.334597
10.592714
9.802701
9.008366
8.252882
7.578886
6.997122
6.478490
6.005796
5.561918
5.129674
4.722851
4.352888
3.998931
3.640032
3.255140
2.841190
2.411961
1.971689
1.524709
1.075432
0.609798
0.124808
-0.358439
-0.818781
-1.234994
-1.605473
-1.944352
-2.253938
-2.536492
-2.794205
-3.029087
-3.239429
-3.421831
-3.573001
-3.689798
-3.793216
-3.885190
-3.934502
-3.910568
-3.783560
-3.534122
-3.183974
-2.765750
-2.312625
-1.858458
-1.410962
-0.954630
-0.485378
0.006677
0.537295
1.126385
1.771300
2.455069
3.156936
3.852658
4.519013
5.170220
5.837216
6.552011
7.347512
8.267494
9.292108
10.358817
11.404003
12.363139
13.233772
14.058776
14.841035
15.583292
16.288088
16.954462
17.580692
18.167925
18.717210
19.229441
19.692776
20.106424
20.487650
20.853595
21.221252
21.591981
21.953860
22.303777
22.638532
22.954813
23.259430
23.553344
23.824705
24.062146
24.254827
24.391763
24.480506
24.537896
24.580014
24.622050
24.672637
24.719276
24.745165
24.734234
24.671277
24.571040
24.442774
24.264220
24.013801
23.670721
23.211846
22.652281
22.029702
21.382180
20.747856
20.130544
19.505834
18.871450
18.227547
17.576419
16.894499
16.187008
15.499122
14.873806
14.351946
13.946183
13.630490
13.384063
13.183276
13.001842
12.863867
12.778922
12.700227
12.584892
12.394027
12.100102
11.733734
11.344958
10.981208
10.687032
10.467469
10.290892
10.145140
10.018771
9.901117
9.811922
9.757743
9.709080
9.636927
9.512836
9.314956
9.063478
8.792875
8.536755
8.327813
8.168137
8.035070
7.923483
7.828208
7.744055
7.663948
7.590097
7.531843
7.499295
7.503232






p2801 HIP ACTUAL ROWS ROWS
521
522
523
524
525
526
527
528
529
530
531
532
533
534
535
536
537
538
539
540
541
542
543
544
545
546
547
548
549
550
551
552
553
554
555
556
557
558
559
560
561
562
563
564
565
566
567
568
569
570
571
572
573
574
575
576
577
578
579
580
581
582
583
584
585
586
587
588
589
590
591
592
593
594
595
596
597
598
599
600
601
602
603
604
605
606
607
608
609
610
611
612
613
614
615
616
617
618
619
620
621
622
623
624
625
626
627
628
629
630
631
632
633
634
635
636
637
638
639
640
641
642
643
644
645
646
647
648
649
650
651
652
653
654
655
656
657
658
659
660
661
662
663
664
665
666
667
668
669
670
671
672
673
674
675
676
677
678
679
680
681
682
683
684
685
686
687
688
689
690
691
692
693
694
695
696
697
698
699
700
701
702
703
704
705
706
707
708
709
710
711
712
713
714
715
716
717
718
719
720
721
722
723
724
725
726
727
728
729
730
731
732
733
734
735
736
737
738
739
740
741
742
743
744
745
746
747
748
749
750
751
752
753
754
755
756
757
758
759
760
761
762
763
764
765
766
767
768
769
770
771
772
773
774
775
776
777
778
779
780
781
782
783
784
785
786
787
788
789
790
791
792
793
794
795
796
797
798
799
800
801
802
803
804
805
806
807
808
809
810
811
812
813
814
815
816
817
818
819
820
821
822
823
824
825
826
827
828
829
830
831
832
833
834
835
836
837
838
839
840
841
842
843
844
845
846
847
848
849
850
851
852
853
854
855
856
857
858
859
860
861
862
863
864
865
866
867
868
869
870
871
872
873
874
875
876
877
878
879
880
881
882
883
884
885
886
887
888
889
890
891
892
893
894
895
896
897
898
899
900
901
902
903
904
905
906
907
908
909
910
911
912
913
914
915
916
917
918
919
920
921
922
923
924
925
926
927
928
929
930
931
932
933
934
935
936
937
938
939
940
941
942
943
944
945
946
947
948
949
950
951
952
953
954
955
956
957
958
959
960
961
962
963
964
965
966
967
968
969
970
971
972
973
974
975
976
977
978
979
980
981
982
983
984
985
986
987
988
989
990
991
992
993
994
995
996
997
998
999
1000
1001
1002
1003
1004
1005
1006
1007
1008
1009
1010
1011
1012
1013
1014
1015
1016
1017
1018
1019
1020
1021
1022
1023
1024
1025
1026
1027
1028
1029
1030
1031
1032
1033
1034
1035
1036
1037
1038
1039
1040
1041
1042
1043
1044
1045
1046
1047
1048
1049
1050
1051
1052
1053
1054
1055
1056
1057
1058
1059
1060
1061
1062
1063
1064
1065
1066
1067
1068
1069
1070
1071
1072
1073
1074
1075
1076
1077
1078
1079
1080
1081
1082
1083
1084
1085
1086
1087
1088
1089
1090
1091
1092
1093
1094
1095
1096
1097
1098
1099
1100
1101
1102
1103
1104
1105
1106
1107
1108
1109
1110
1111
1112
1113
1114
1115
1116
1117
1118
1119
1120
1121
1122
1123
1124
1125
1126
1127
1128
1129
1130
1131
1132
1133
1134
1135
1136
1137
1138
1139
1140
1141
1142
1143
1144
1145
1146
1147
1148
1149
1150
1151
1152
1153
1154
1155
1156
1157
1158
1159
1160
1161
1162
1163
1164
1165
1166
1167
1168
1169
1170
1171
1172
1173
1174
1175
1176
1177
1178
1179
1180
1181
1182
1183
1184
1185
1186
1187
1188
1189
1190
1191
1192
1193
1194
1195
1196
1197
1198
1199
1200
1201
1202
1203
1204
1205
1206
1207
1208
1209
1210
1211
1212
1213
1214
1215
1216
1217
1218
1219
1220
1221
1222
1223
1224
1225
1226
1227
1228
1229
1230
1231
1232
1233
1234
1235
1236
1237
1238
1239
1240
1241
1242
1243
1244
1245
1246
1247
1248
1249
1250
1251
1252
1253
1254
1255
1256
1257
1258
1259
1260
1261
1262
1263
1264
1265
1266
1267
1268
1269
1270
1271
1272
1273
1274
1275
1276
1277
1278
1279
1280
1281
1282
1283
1284
1285
1286
1287
1288
1289
1290
1291
1292
1293
1294
1295
1296
1297
1298
1299
1300
1301
1302
1303
1304
1305
1306
1307
1308
1309
1310
1311
1312
1313
1314
1315
1316
1317
1318
1319
1320
1321
1322
1323
1324
1325
1326
1327
1328
1329
1330
1331
1332
1333
1334
1335
1336
1337
1338
1339
1340
1341
1342
1343
1344
1345
1346
1347
1348
1349
1350
1351
1352
1353
1354
1355
1356
1357
1358
1359
1360
1361
1362
1363
1364
1365
1366
1367
1368
1369
1370
1371
1372
1373
1374
1375
1376
1377
1378
1379
1380
1381
1382
1383
1384
1385
1386
1387
1388
1389
1390
1391
1392
1393
1394
1395
1396
1397
1398
1399
1400
1401
1402
1403
1404
1405
1406
1407
1408
1409
1410
1411
1412
1413
1414
1415
1416
1417
1418
1419
1420
1421
1422
1423
1424
1425
1426
1427
1428
1429
1430
1431
1432
1433
1434
1435
1436
1437
1438
1439
1440
1441
1442
1443
1444
1445
1446
1447
1448
1449
1450
1451
1452
1453
1454
1455
1456
1457
1458
1459
1460
1461
1462
1463
1464
1465
1466
1467
1468
1469
1470
1471
1472
1473
1474
1475
1476
1477
1478
1479
1480
1481
1482
1483
1484
1485
1486
1487
1488
1489
1490
1491
1492
1493
1494
1495
1496
1497
1498
1499
1500
1501
1502
1503
1504
1505
1506
1507
1508
1509
1510
1511
1512
1513
1514
1515
1516
1517
1518
1519
1520
1521
1522
1523
1524
1525
1526
1527
1528
1529
1530
1531
1532
1533
1534
1535
1536
1537
1538
1539
1540
1541
1542
1543
1544
1545
1546
1547
1548
1549
1550
1551
1552
1553
1554
1555
1556
1557
1558
1559
1560
1561
1562
1563
1564
1565
1566
1567
1568
1569
1570
1571
1572
1573
1574
1575
1576
1577
1578
1579
1580
1581
1582
1583
1584
1585
1586
1587
1588
1589
1590
1591
1592
1593
1594
1595
1596
1597
1598
1599
1600
1601
1602
1603
1604
1605
1606
1607
1608
1609
1610
1611
1612
1613
1614
1615
1616
1617
1618
1619
1620
1621
1622
1623
1624
1625
1626
1627
1628
1629
1630
1631
1632
1633
1634
1635
1636
1637
1638
1639
1640
1641
1642
1643
1644
1645
1646
1647
1648
1649
1650
1651
1652
1653
1654
1655
1656
1657
1658
1659
1660
1661
1662
1663
1664
1665
1666
1667
1668
1669
1670
1671
1672
1673
1674
1675
1676
1677
1678
1679
1680
1681
1682
1683
1684
1685
1686
1687
1688
1689
1690
1691
1692
1693
1694
1695
1696
1697
1698
1699
1700
1701
1702
1703
1704
1705
1706
1707
1708
1709
1710
1711
1712
1713
1714
1715
1716
1717
1718
1719
1720
1721
1722
1723
1724
1725
1726
1727
1728
1729
1730
1731
1732
1733
1734
1735
1736
1737
1738
1739
1740
1741
1742
1743
1744
1745
1746
1747
1748
1749
1750
1751
1752
1753
1754
1755
1756
1757
1758
1759
1760
1761
1762
1763
1764
1765
1766
1767
1768
1769
1770
1771
1772
1773
1774
1775
1776
1777
1778
1779
1780
1781
1782
1783
1784
1785
1786
1787
1788
1789
1790
1791
1792
1793
1794
1795
1796
1797
1798
1799
1800
1801
1802
1803
1804
1805
1806
1807
1808
1809
1810
1811
1812
1813
1814
1815
1816
1817
1818
1819
1820
1821
1822
1823
1824
1825
1826
1827
1828
1829
1830
1831
1832
1833
1834
1835
1836
1837
1838
1839
1840
1841
1842
1843
1844
1845
1846
1847
1848
1849
1850
1851
1852
1853
1854
1855
1856
1857
1858
1859
1860
1861
1862
1863
1864
1865
1866
1867
1868
1869
1870
1871
1872
1873
1874
1875
1876
1877
1878
1879
1880
1881
1882
1883
1884
1885
1886
1887
1888
1889
1890
1891
1892
1893
1894
1895
1896
1897
1898
1899
1900
1901
1902
1903
1904
1905
1906
1907
1908
1909
1910
1911
1912
1913
1914
1915
1916
1917
1918
1919
1920
1921
1922
1923
1924
1925
1926
1927
1928
1929
1930
1931
1932
1933
1934
1935
1936
1937
1938
1939
1940
1941
1942
1943
1944
1945
1946
1947
1948
1949
1950
1951
1952
1953
1954
1955
1956
1957
1958
1959
1960
1961
1962
1963
1964
1965
1966
1967
1968
1969
1970
1971
1972
1973
1974
1975
1976
1977
1978
1979
1980
1981
1982
1983
1984
1985
1986
1987
1988
1989
1990
1991
1992
1993
1994
1995
1996
1997
1998
1999
2000
2001
2002
2003
2004
2005
2006
2007
2008
2009
2010
2011
2012
2013
2014
2015
2016
2017
2018
2019
2020
2021
2022
2023
2024
2025
2026
2027
2028
2029
2030
2031
2032
2033
2034
2035
2036
2037
2038
2039
2040
2041
2042
2043
2044
2045
2046
2047
2048
2049
2050
2051
2052
2053
2054
2055
2056
2057
2058
2059
2060
2061
2062
2063
2064
2065
2066
2067
2068
2069
2070
2071
2072
2073
2074
2075
2076
2077
2078
2079
2080
2081
2082
2083
2084
2085
2086
2087
2088
2089
2090
2091
2092
2093
2094
2095
2096
2097
2098
2099
2100
2101
2102
2103
2104
2105
2106
2107
2108
2109
2110
2111
2112
2113
2114
2115
2116
2117
2118
2119
2120
2121
2122
2123
2124
2125
2126
2127
2128
2129
2130
2131
2132
2133
2134
2135
2136
2137
2138
2139
2140
2141
2142
2143
2144
2145
2146
2147
2148
2149
2150
2151
2152
2153
2154
2155
2156
2157
2158
2159
2160
2161
2162
2163
2164
2165
2166
2167
2168
2169
2170
2171
2172
2173
2174
2175
2176
2177
2178
2179
2180
2181
2182
2183
2184
2185
2186
2187
2188
2189
2190
2191
2192
2193
2194
2195
2196
2197
2198
2199
2200
2201
2202
2203
2204
2205
2206
2207
2208
2209
2210
2211
2212
2213
2214
2215
2216
2217
2218
2219
2220
2221
2222
2223
2224
2225
2226
2227
2228
2229
2230
2231
2232
2233
2234
2235
2236
2237
2238
2239
2240
2241
2242
2243
2244
2245
2246
2247
2248
2249
2250
2251
2252
2253
2254
2255
2256
2257
2258
2259
2260
2261
2262
2263
2264
2265
2266
2267
2268
2269
2270
2271
2272
2273
2274
2275
2276
2277
2278
2279
2280
2281
2282
2283
2284
2285
2286
2287
2288
2289
2290
2291
2292
2293
2294
2295
2296
2297
2298
2299
2300
2301
2302
2303
2304
2305
2306
2307
2308
2309
2310
2311
2312
2313
2314
2315
2316
2317
2318
2319
2320
2321
2322
2323
2324
2325
2326
2327
2328
2329
2330
2331
2332
2333
2334
2335
2336
2337
2338
2339
2340
2341
2342
2343
2344
2345
2346
2347
2348
2349
2350
2351
2352
2353
2354
2355
2356
2357
2358
2359
2360
2361
2362
2363
2364
2365
2366
2367
2368
2369
2370
2371
2372
2373
2374
2375
2376
2377
2378
2379
2380
2381
2382
2383
2384
2385
2386
2387
2388
2389
2390
2391
2392
2393
2394
2395
2396
2397
2398
2399
2400
2401
2402
2403
2404
2405
2406
2407
2408
2409
2410
2411
2412
2413
2414
2415
2416
2417
2418
2419
2420
2421
2422
2423
2424
2425
2426
2427
2428
2429
2430
2431
2432
2433
2434
2435
2436
2437
2438
2439
2440
2441
2442
2443
2444
2445
2446
2447
2448
2449
2450
2451
2452
2453
2454
2455
2456
2457
2458
2459
2460
2461
2462
2463
2464
2465
2466
2467
2468
2469
2470
2471
2472
2473
2474
2475
2476
2477
2478
2479
2480
2481
2482
2483
2484
2485
2486
2487
2488
2489
2490
2491
2492
2493
2494
2495
2496
2497
2498
2499
2500
2501
2502
2503
2504
2505
2506
2507
2508
2509
2510
2511
2512
2513
2514
2515
2516
2517
2518
2519
2520
2521
2522
2523
2524
2525
2526
2527
2528
2529
2530
2531
2532
2533
2534
2535
2536
2537
2538
2539
2540
2541
2542
2543
2544
2545
2546
2547
2548
2549
2550
2551
2552
2553
2554
2555
2556
2557
2558
2559
2560
2561
2562
2563
2564
2565
2566
2567
2568
2569
2570
2571
2572
2573
2574
2575
2576
2577
2578
2579
2580
2581
2582
2583
2584
2585
2586
2587
2588
2589
2590
2591
2592
2593
2594
2595
2596
2597
2598
2599
2600
2601
2602
2603
2604
2605
2606
2607
2608
2609
2610
2611
2612
2613
2614
2615
2616
2617
2618
2619
2620
2621
2622
2623
2624
2625
2626
2627
2628
2629
2630
2631
2632
2633
2634
2635
2636
2637
2638
2639
2640
2641
2642
2643
2644
2645
2646
2647
2648
2649
2650
2651
2652
2653
2654
2655
2656
2657
2658
2659
2660
2661
2662
2663
2664
2665
2666
2667
2668
2669
2670
2671
2672
2673
2674
2675
2676
2677
2678
2679
2680
2681
2682
2683
2684
2685
2686
2687
2688
2689
2690
2691
2692
2693
2694
2695
2696
2697
2698
2699
2700
2701
2702
2703
2704
2705
2706
2707
2708
2709
2710
2711
2712
2713
2714
2715
2716
2717
2718
2719
2720
2721
2722
2723
2724
2725
2726
2727
2728
2729
2730
2731
2732
2733
2734
2735
2736
2737
2738
2739
2740
2741
2742
2743
2744
2745
2746
2747
2748
2749
2750
2751
2752
2753
2754
2755
2756
2757
2758
2759
2760
2761
2762
2763
2764
2765
2766
2767
2768
2769
2770
2771
2772
2773
2774
2775
2776
2777
2778
2779
2780
2781
2782
2783
2784
2785
2786
2787
2788
2789
2790
2791
2792
2793
2794
2795
2796
2797
2798
2799
2800
2801
2802
2803
2804
2805
2806
2807
2808
2809
2810
2811
2812
2813
2814
2815
2816
2817
2818
2819
2820
2821
2822
2823
2824
2825
2826
2827
2828
2829
2830
2831
2832
2833
2834
2835
2836
2837
2838
2839
2840
2841
2842
2843
2844
2845
2846
2847
2848
2849
2850
2851
2852
2853
2854
2855
2856
2857
2858
2859
2860
2861
2862
2863
2864
2865
2866
2867
2868
2869
2870
2871
2872
2873
2874
2875
2876
2877
2878
2879
2880
2881
2882
2883
2884
2885
2886
2887
2888
2889
2890
2891
2892
2893
2894
2895
2896
2897
2898
2899
2900
2901
2902
2903
2904
2905
2906
2907
2908
2909
2910
2911
2912
2913
2914
2915
2916
2917
2918
2919
2920
2921
2922
2923
2924
2925
2926
2927
2928
2929
2930
2931
2932
2933
2934
2935
2936
2937
2938
2939
2940
2941
2942
2943
2944
2945
2946
2947
2948
2949
2950
2951
2952
2953
2954
2955
2956
2957
2958
2959
2960
2961
2962
2963
2964
2965
2966
2967
2968
2969
2970
2971
2972
2973
2974
2975
2976
2977
2978
2979
2980
2981
2982
2983
2984
2985
2986
2987
2988
2989
2990
2991
2992
2993
2994
2995
2996
2997
2998
2999
3000
3001
3002
3003
3004
3005
3006
3007
3008
3009
3010
3011
3012
3013
3014
3015
3016
3017
3018
3019
3020
3021
3022
3023
3024
3025
3026
3027
3028
3029
3030
3031
3032
3033
3034
3035
3036
3037
3038
3039
3040
3041
3042
3043
3044
3045
3046
3047
3048
3049
3050
3051
3052
3053
3054
3055
3056
3057
3058
3059
3060
3061
3062
3063
3064
3065
3066
3067
3068
3069
3070
3071
3072
3073
3074
3075
3076
3077
3078
3079
3080
3081
3082
3083
3084
3085
3086
3087
3088
3089
3090
3091
3092
3093
3094
3095
3096
3097
3098
3099
3100
3101
3102
3103
3104
3105
3106
3107
3108
3109
3110
3111
3112
3113
3114
3115
3116
3117
3118
3119
3120
3121
3122
3123
3124
3125
3126
3127
3128
3129
3130
3131
3132
3133
3134
3135
3136
3137
3138
3139
3140
3141
3142
3143
3144
3145
3146
3147
3148
3149
3150
3151
3152
3153
3154
3155
3156
3157
3158
3159
3160
3161
3162
3163
3164
3165
3166
3167
3168
3169
3170
3171
3172
3173
3174
3175
3176
3177
3178
3179
3180
3181
3182
3183
3184
3185
3186
3187
3188
3189
3190
3191
3192
3193
3194
3195
3196
3197
3198
3199
3200
3201
3202
3203
3204
3205
3206
3207
3208
3209
3210
3211
3212
3213
3214
3215
3216
3217
3218
3219
3220
3221
3222
3223
3224
3225
3226
3227
3228
3229
3230
3231
3232
3233
3234
3235
3236
3237
3238
3239
3240
3241
3242
3243
3244
3245
3246
3247
3248
3249
3250
3251
3252
3253
3254
3255
3256
3257
3258
3259
3260
3261
3262
3263
3264
3265
3266
3267
3268
3269
3270
3271
3272
3273
3274
3275
3276
3277
3278
3279
3280
3281
3282
3283
3284
3285
3286
3287
3288
3289
3290
3291
3292
3293
3294
3295
3296
3297
3298
3299
3300
3301
3302
3303
3304
3305
3306
3307
3308
3309
3310
3311
3312
3313
3314
3315
3316
3317
3318
3319
3320
3321
3322
3323
3324
3325
3326
3327
3328
3329
3330
3331
3332
3333
3334
3335
3336
3337
3338
3339
3340
3341
3342
3343
3344
3345
3346
3347
3348
3349
3350
3351
3352
3353
3354
3355
3356
3357
3358
3359
3360
3361
3362
3363
3364
3365
3366
3367
3368
3369
3370
3371
3372
3373
3374
3375
3376
3377
3378
3379
3380
3381
3382
3383
3384
3385
3386
3387
3388
3389
3390
3391
3392
3393
3394
3395
3396
3397
3398
3399
3400
3401
3402
3403
3404
3405
3406
3407
3408
3409
3410
3411
3412
3413
3414
3415
3416
3417
3418
3419
3420
3421
3422
3423
3424
3425
3426
3427
3428
3429
3430
3431
3432
3433
3434
3435
3436
3437
3438
3439
3440
3441
3442
3443
3444
3445
3446
3447
3448
3449
3450
3451
3452
3453
3454
3455
3456
3457
3458
3459
3460
3461
3462
3463
3464
3465
3466
3467
3468
3469
3470
3471
3472
3473
3474
3475
3476
3477
3478
3479
3480
3481
3482
3483
3484
3485
3486
3487
3488
3489
3490
3491
3492
3493
3494
3495
3496
3497
3498
3499
3500
3501
3502
3503
3504
3505
3506
3507
3508
3509
3510
3511
3512
3513
3514
3515
3516
3517
3518
3519
3520
3521
3522
3523
3524
3525
3526
3527
3528
3529
3530
3531
3532
3533
3534
3535
3536
3537
3538
3539
3540
3541
3542
3543
3544
3545
3546
3547
3548
3549
3550
3551
3552
3553
3554
3555
3556
3557
3558
3559
3560
3561
3562
3563
3564
3565
3566
3567
3568
3569
3570
3571
3572
3573
3574
3575
3576
3577
3578
3579
3580
3581
3582
3583
3584
3585
3586
3587
3588
3589
3590
3591
3592
3593
3594
3595
3596
3597
3598
3599
3600
3601
3602
3603
3604
3605
3606
3607
3608
3609
3610
3611
3612
3613
3614
3615
3616
3617
3618
3619
3620
3621
3622
3623
3624
3625
3626
3627
3628
3629
3630
3631
3632
3633
3634
3635
3636
3637
3638
3639
3640
3641
3642
3643
3644
3645
3646
3647
3648
3649
3650
3651
3652
3653
3654
3655
3656
3657
3658
3659
3660
3661
3662
3663
3664
3665
3666
3667
3668
3669
3670
3671
3672
3673
3674
3675
3676
3677
3678
3679
3680
3681
3682
3683
3684
3685
3686
3687
3688
3689
3690
3691
3692
3693
3694
3695
3696
3697
3698
3699
3700
3701
3702
3703
3704
3705
3706
3707
3708
3709
3710
3711
3712
3713
3714
3715
3716
3717
3718
3719
3720
3721
3722
3723
3724
3725
3726
3727
3728
3729
3730
3731
3732
3733
3734
3735
3736
3737
3738
3739
3740
3741
3742
3743
3744
3745
3746
3747
3748
3749
3750
3751
3752
3753
3754
3755
3756
3757
3758
3759
3760
3761
3762
3763
3764
3765
3766
3767
3768
3769
3770
3771
3772
3773
3774
3775
3776
3777
3778
3779
3780
3781
3782
3783
3784
3785
3786
3787
3788
3789
3790
3791
3792
3793
3794
3795
3796
3797
3798
3799
3800






p2801 HIP ACTUAL VALUES
2.642281
2.391326
2.148708
1.924328
1.728470
1.574739
1.457559
1.358144
1.256624
1.132020
0.954769
0.737735
0.523278
0.354164
0.273460
0.297491
0.397519
0.549073
0.727631
0.908662
1.050583
1.169150
1.326156
1.583891
2.005302
2.622973
3.397056
4.281869
5.230192
6.192849
7.183100
8.232412
9.318029
10.417413
11.508509
12.585399
13.663571
14.753590
15.865113
17.006907
18.211798
19.473584
20.741851
21.966045
23.095555
24.128608
25.098874
26.008903
26.861258
27.658432
28.406663
29.104116
29.741210
30.308742
30.798018
31.213271
31.561498
31.838338
32.038929
32.157817
32.180338
32.111059
31.971725
31.782556
31.562585
31.262460
30.867868
30.450353
30.081113
29.830583
29.725196
29.716613
29.763287
29.824485
29.860355
29.876053
29.898532
29.921532
29.939044
29.945273
29.937755
29.921730
29.902408
29.884192
29.870272
29.926649
30.046104
30.122873
30.055870
29.749138
29.131680
28.271476
27.283188
26.280590
25.376906
24.567913
23.780728
23.023520
22.301455
21.616972
21.010143
20.476879
19.952943
19.374345
18.677027
17.819645
16.845925
15.819414
14.803113
13.859280
12.978260
12.119239
11.296609
10.523912
9.813942
9.177839
8.606029
8.080187
7.582269
7.094282
6.629906
6.201004
5.786700
5.366082
4.918228
4.439646
3.943743
3.435276
2.919394
2.401564
1.868733
1.317420
0.767614
0.239361
-0.247194
-0.690177
-1.102991
-1.488274
-1.848562
-2.186246
-2.493784
-2.769146
-3.022899
-3.265697
-3.508383
-3.773351
-4.053246
-4.314684
-4.524542
-4.650101
-4.713107
-4.736915
-4.691591
-4.546986
-4.272573
-3.863837
-3.343351
-2.719793
-2.000271
-1.190251
-0.229970
0.886645
2.074250
3.246630
4.316629
5.211995
5.991322
6.763300
7.636329
8.718971
10.080520
11.651375
13.331375
15.018001
16.606624
18.117119
19.617358
21.073421
22.451423
23.717683
24.867508
25.922598
26.889249
27.774059
28.583898
29.323959
29.990577
30.577756
31.079840
31.491563
31.815549
32.059729
32.224837
32.307825
32.301846
32.156778
31.872922
31.518146
31.161981
30.875152
30.648174
30.432818
30.242224
30.090235
29.991791
29.995355
30.090549
30.205301
30.267850
30.206744
29.953463
29.556918
29.121857
28.752323
28.551396
28.621895
28.894175
29.211718
29.417882
29.356463
29.009311
28.479120
27.793968
26.984886
26.084779
25.007051
23.735160
22.404997
21.149457
20.097734
19.315830
18.713320
18.183313
17.619895
16.917678
16.037455
15.049910
14.015122
12.992991
12.043018
11.156972
10.296454
9.474598
8.703357
7.993616
7.345427
6.750541
6.207030
5.713023
5.266521
4.901109
4.617871
4.365980
4.094669
3.753203
3.335459
2.875132
2.381377
1.863480
1.330839
0.760148
0.145225
-0.478714
-1.076351
-1.612261
-2.086562
-2.522760
-2.920330
-3.278609
-3.596742
-3.867967
-4.091994
-4.277809
-4.434969
-4.573650
-4.713182
-4.847184
-4.947730
-4.987071
-4.938034
-4.827617
-4.677019
-4.450629
-4.111747
-3.622004
-2.920688
-2.034521
-1.053241
-0.065176
0.842236
1.633049
2.368427
3.106412
3.904505
4.819893
5.845078
6.942390
8.123857
9.401743
10.788619
12.365615
14.125768
15.948769
17.712960
19.295684
20.685288
21.962270
23.141599
24.238146
25.266764
26.223531
27.097921
27.895180
28.621109
29.282076
29.886599
30.432079
30.908586
31.306173
31.614820
31.831108
31.966210
32.028693
32.022195
31.945844
31.748542
31.425254
31.043679
30.672514
30.380818
30.173644
30.004636
29.866454
29.751931
29.654151
29.601526
29.598921
29.604425
29.576004
29.471604
29.270786
29.002724
28.699890
28.393949
28.115522
27.872897
27.644850
27.417476
27.178012
26.914131
26.682602
26.487023
26.237026
25.848455
25.243787
24.348184
23.220157
21.983424
20.758478
19.662401
18.692395
17.768657
16.890243
16.055987
15.264691
14.545502
13.898435
13.279236
12.643719
11.947472
11.178147
10.366678
9.532911
8.695744
7.873069
7.023540
6.134575
5.266209
4.478159
3.830029
3.372121
3.064200
2.830465
2.594908
2.280992
1.877974
1.436725
0.972889
0.502230
0.040641
-0.420722
-0.892512
-1.361280
-1.813380
-2.235005
-2.626908
-2.998122
-3.347159
-3.672383
-3.971948
-4.233453
-4.457730
-4.662750
-4.866605
-5.087532
-5.350764
-5.644138
-5.929892
-6.170308
-6.328059
-6.439559
-6.531576
-6.552770
-6.451280
-6.174364
-5.702443
-5.072931
-4.316396
-3.461498
-2.534966
-1.479024
-0.272336
1.004460
2.269722
3.440588
4.458835
5.380699
6.293740
7.284860
8.440651
9.823169
11.375313
13.004162
14.615126
16.112355
17.510164
18.870327
20.168037
21.379101
22.479828
23.457560
24.328014
25.110375
25.824133
26.489060
27.107643
27.667064
28.164792
28.599062
28.968953
29.295354
29.583253
29.806164
29.933910
29.932733
29.733813
29.355708
28.894843
28.449157
28.117525
27.892664
27.707274
27.570670
27.493212
27.486628
27.627631
27.908029
28.213816
28.431713
28.449284
28.185825
27.719802
27.176490
26.678043
26.343546
26.242137
26.291858
26.383933
26.409136
26.257709
25.924183
25.478052
24.925481
24.277630
23.549491
22.694251
21.707005
20.665067
19.644699
18.721296
17.917488
17.181809
16.477578
15.768182
15.017229
14.223915
13.412385
12.584128
11.740539
10.882694
9.987461
9.054879
8.119943
7.216897
6.379288
5.596225
4.844434
4.138678
3.493919
2.925242
2.463512
2.099099
1.786216
1.478598
1.129399
0.730516
0.312677
-0.113000
-0.535229
-0.942570
-1.333603
-1.716166
-2.092373
-2.464045
-2.832787
-3.202693
-3.572493
-3.935680
-4.285628
-4.615474
-4.930038
-5.233283
-5.517035
-5.773512
-5.995481
-6.202023
-6.398324
-6.557156
-6.651853
-6.656408
-6.617615
-6.556297
-6.407132
-6.103358
-5.576312
-4.734144
-3.622123
-2.375078
-1.127565
-0.013888
0.919171
1.764001
2.594888
3.485226
4.507781
5.668824
6.922550
8.262872
9.682178
11.170919
12.791419
14.548359
16.343688
18.079060
19.656218
21.069792
22.383115
23.601853
24.732388
25.781641
26.741654
27.608376
28.394900
29.114527
29.780897
30.427684
31.048000
31.594438
32.018581
32.270803
32.296696
32.130511
31.852899
31.542145
31.274614
31.017588
30.716721
30.416222
30.160778
29.995005
29.966704
30.045632
30.159942
30.238740
30.212006
30.054995
29.815439
29.532329
29.244840
28.992163
28.798279
28.636736
28.470572
28.262926
27.977139
27.631726
27.247408
26.793630
26.244500
25.578259
24.748933
23.775853
22.735419
21.702574
20.751113
19.891230
19.073025
18.279122
17.491861
16.693486
15.882252
15.069599
14.257892
13.449503
12.646573
11.845241
11.044687
10.250981
9.469703
8.705909
7.946398
7.186898
6.445531
5.740578
5.090530
4.517555
4.009127
3.532013
3.052971
2.538587
1.979189
1.397023
0.806431
0.221810
-0.342374
-0.892263
-1.437578
-1.969084
-2.477423
-2.953111
-3.404730
-3.838492
-4.241203
-4.599574
-4.900189
-5.125605
-5.284195
-5.401282
-5.502490
-5.613821
-5.767289
-5.945810
-6.102035
-6.188748
-6.159192
-6.044473
-5.878311
-5.618025
-5.219869
-4.638752
-3.793091
-2.714981
-1.527419
-0.351187
0.695160
1.561510
2.330248
3.082277
3.897504
4.855166
5.960554
7.161916
8.452820
9.826616
11.276237
12.869682
14.611786
16.399576
18.129307
19.696903
21.098150
22.400999
23.609804
24.729146
25.763799
26.706434
27.553843
28.317521
29.009670
29.643243
30.237303
30.786059
31.265202
31.649508
31.912670
32.024794
32.006022
31.901431
31.752179
31.596098
31.392079
31.109785
30.803547
30.528527
30.339919
30.269418
30.280632
30.326816
30.361090
30.336492
30.254790
30.146887
30.010152
29.842803
29.643760
29.403854
29.125295
28.823834
28.514755
28.212292
27.969546
27.770231
27.526581
27.158236
26.592431
25.772608
24.754240
23.634804
22.509704
21.472347
20.524877
19.605219
18.707727
17.825238
16.949512
16.097836
15.273230
14.446859
13.590721
12.677209
11.680950
10.622494
9.542620
8.480751
7.474811
6.504072
5.542645
4.619454
3.763192
3.002418
2.370680
1.848448
1.384792
0.928650
0.428558
-0.121440
-0.687094
-1.259865
-1.831207
-2.392612
-2.959655
-3.538289
-4.105356
-4.637423
-5.110909
-5.527710
-5.903750
-6.236303
-6.522381
-6.758684
-6.932964
-7.047574
-7.120605
-7.169709
-7.212065
-7.257653
-7.293889
-7.304240
-7.272778
-7.184512
-7.083662
-6.982371
-6.818409
-6.529000
-6.050628
-5.333222
-4.422854
-3.397260
-2.330394
-1.292704
-0.287036
0.737792
1.793176
2.889376
4.036189
5.221814
6.441316
7.714483
9.060043
10.495491
12.092274
13.838058
15.623360
17.338340
18.873025
20.213933
21.433394
22.550225
23.583361
24.551867
25.449532
26.263735
27.004319
27.681720
28.307025
28.906515
29.475730
29.979389
30.381109
30.643288
30.727148
30.660874
30.502930
30.306833
30.121879
29.916236
29.650888
29.364336
29.095709
28.883760
28.730946
28.610468
28.518003
28.450301
28.405078
28.413638
28.478709
28.555901
28.601042
28.570322
28.428555
28.207912
27.964483
27.751611
27.619826
27.658491
27.829551
27.992488
28.008776
27.742233
27.122604
26.243630
25.216969
24.153331
23.162143
22.224262
21.269665
20.328140
19.426111
18.587132
17.841323
17.169626
16.521654
15.847638
15.097910
14.251221
13.342089
12.404319
11.470916
10.573833
9.693008
8.807445
7.946407
7.138543
6.412010
5.778744
5.219128
4.713958
4.244078
3.790191
3.382504
3.033676
2.697986
2.329817
1.883603
1.328834
0.695762
0.030046
-0.622538
-1.216094
-1.745389
-2.241050
-2.710709
-3.161826
-3.601731
-4.028649
-4.437568
-4.830822
-5.210592
-5.578838
-5.956380
-6.341213
-6.701240
-7.004955
-7.221518
-7.389782
-7.531117
-7.588968
-7.507054
-7.229599
-6.752108
-6.115158
-5.329655
-4.404059
-3.344239
-2.030542
-0.456202
1.204353
2.775324
4.079574
4.990102
5.624381
6.171667
6.821563
7.764224
9.088780
10.669774
12.375445
14.072998
15.629116
17.056775
18.443985
19.769863
21.013603
22.154444
23.187641
24.126699
24.978298
25.749525
26.448038
27.078303
27.636711
28.119499
28.522967
28.843253
29.075448
29.226397
29.306341
29.320844
29.271497
29.090700
28.772466
28.410587
28.099819
27.934955
27.944982
28.065709
28.252399
28.461362
28.650178
28.869575
29.148108
29.411454
29.585911
29.598381
29.381048
28.985027
28.515134
28.074750
27.765565
27.637882
27.621127
27.635488
27.603246
27.447936
27.202092
26.911099
26.521191
25.986766
25.270497
24.293767
23.089943
21.790964
20.525309
19.417701
18.487950
17.650548
16.869660
16.109722
15.335518
14.563832
13.817677
13.071757
12.300786
11.479238
10.569310
9.588676
8.594250
7.642336
6.788705
6.036255
5.347019
4.715253
4.135323
3.601607
3.151816
2.789685
2.458587
2.101776
1.662305
1.120012
0.512445
-0.130665
-0.779343
-1.403428
-2.029244
-2.676978
-3.306997
-3.879488
-4.354445
-4.707117
-4.964268
-5.162805
-5.339270
-5.529767
-5.744057
-5.956918
-6.152041
-6.313796
-6.427328
-6.512480
-6.579596
-6.600418
-6.547213
-6.393270
-6.177748
-5.924002
-5.580999
-5.094281
-4.405380
-3.401985
-2.122051
-0.728428
0.617301
1.754329
2.583584
3.215179
3.801490
4.494402
5.446187
6.716679
8.206418
9.828864
11.495824
13.117383
14.743641
16.433298
18.107940
19.689124
21.098602
22.316979
23.395550
24.362446
25.245951
26.074388
26.844282
27.536902
28.158012
28.713854
29.211221
29.668215
30.082935
30.431803
30.689845
30.830523
30.823185
30.685609
30.461666
30.193878
29.923630
29.609039
29.219277
28.812971
28.449848
28.190384
28.087193
28.100336
28.152021
28.164618
28.060759
27.792071
27.410815
26.990438
26.603907
26.323812
26.201605
26.189569
26.210729
26.186656
26.037004
25.780865
25.464694
25.051829
24.513451
23.828101
22.932303
21.848455
20.684764
19.546438
18.535836
17.668709
16.875054
16.126629
15.395234
14.652817
13.915316
13.200656
12.484416
11.742408
10.950444
10.092300
9.185390
8.255287
7.326447
6.422277
5.513014
4.582319
3.673261
2.828980
2.092564
1.493055
1.001704
0.574833
0.168764
-0.260354
-0.709871
-1.150609
-1.586836
-2.022800
-2.462728
-2.920899
-3.394851
-3.863471
-4.305424
-4.699219
-5.043070
-5.351550
-5.627479
-5.873331
-6.091125
-6.279067
-6.435098
-6.560624
-6.657405
-6.727708
-6.796931
-6.863798
-6.891314
-6.842832
-6.682392
-6.442624
-6.151959
-5.767693
-5.244521
-4.534041
-3.539633
-2.293586
-0.937097
0.390590
1.551788
2.478392
3.266250
4.023213
4.855705
5.869452
7.103412
8.487995
9.965660
11.477692
12.964546
14.471326
16.036557
17.590185
19.062073
20.382190
21.535436
22.567978
23.501948
24.359578
25.163067
25.914207
26.598432
27.213631
27.758171
28.230948
28.653337
29.028605
29.327886
29.520704
29.574886
29.426717
29.096550
28.676992
28.260633
27.939897
27.703592
27.487773
27.306005
27.172801
27.103634
27.158339
27.325790
27.516475
27.642033
27.615283
27.378079
26.990849
26.544293
26.127919
25.829893
25.711224
25.711348
25.735537
25.689887
25.481314
25.111411
24.639589
24.062557
23.381510
22.601385
21.666597
20.578809
19.428464
18.304586
17.294624
16.416733
15.610817
14.845805
14.091113
13.316717
12.526071
11.739709
10.953617
10.163293
9.363541
8.531246
7.670096
6.814110
5.996843
5.251432
4.574081
3.941759
3.358725
2.829483
2.358672
1.982872
1.699259
1.453345
1.190424
0.855485
0.428861
-0.053151
-0.561710
-1.067787
-1.542150
-1.987203
-2.422414
-2.843899
-3.247715
-3.629870
-3.986714
-4.320871
-4.637629
-4.942119
-5.239291
-5.542435
-5.847597
-6.133977
-6.381203
-6.569357
-6.715413
-6.833071
-6.897687
-6.884554
-6.769263
-6.576256
-6.323897
-5.978791
-5.506563
-4.871577
-3.989490
-2.885747
-1.686902
-0.517131
0.501534
1.306254
1.981705
2.627338
3.341751
4.223079
5.288265
6.472127
7.749256
9.093812
10.479540
11.967229
13.573097
15.203939
16.766877
18.169421
19.396775
20.510662
21.533422
22.487202
23.394036
24.255793
25.057726
25.797268
26.472436
27.081769
27.638247
28.144637
28.584283
28.940336
29.195748
29.338139
29.382124
29.348451
29.254164
29.112933
28.880613
28.543483
28.160351
27.791003
27.495741
27.272701
27.081010
26.923306
26.802863
26.723600
26.726921
26.810878
26.914772
26.977956
26.939899
26.770721
26.512167
26.210529
25.910770
25.656661
25.477221
25.342432
25.207419
25.027431
24.757107
24.415761
24.028911
23.562561
22.989388
22.288511
21.404977
20.360008
19.246849
18.155048
17.170703
16.305004
15.497277
14.724478
13.964401
13.195495
12.415077
11.637827
10.868538
10.111653
9.371123
8.643442
7.925887
7.223146
6.539808
5.880423
5.233884
4.597124
3.986706
3.419037
2.910261
2.486737
2.137160
1.821074
1.498325
1.129090
0.710455
0.268983
-0.190667
-0.663801
-1.145710
-1.659595
-2.208659
-2.758095
-3.272988
-3.718313
-4.084893
-4.395951
-4.664953
-4.905327
-5.130398
-5.323987
-5.476797
-5.612370
-5.754315
-5.926346
-6.150241
-6.409615
-6.671250
-6.902321
-7.070550
-7.196404
-7.302311
-7.359583
-7.339677
-7.214160
-7.003815
-6.730588
-6.366366
-5.880688
-5.240776
-4.369856
-3.287307
-2.103552
-0.929461
0.123780
0.995543
1.761056
2.512467
3.341446
4.339179
5.539064
6.879899
8.310634
9.780223
11.237702
12.725327
14.276479
15.826622
17.310863
18.664134
19.873639
20.981991
22.007512
22.968761
23.884342
24.756866
25.573847
26.331729
27.027844
27.660448
28.256357
28.818873
29.311343
29.696805
29.938007
30.008002
29.934840
29.760964
29.524961
29.261863
28.927182
28.492295
28.015914
27.558201
27.180334
26.887492
26.639716
26.431375
26.256651
26.109485
26.003868
25.944431
25.910601
25.881438
25.835772
25.777284
25.720432
25.659977
25.590139
25.504311
25.443463
25.409925
25.339199
25.168513
24.837046
24.305398
23.615487
22.829977
22.012033
21.225161
20.448138
19.642218
18.842380
18.080315
17.384531
16.774337
16.226942
15.707065
15.180367
14.613059
13.986904
13.324929
12.655523
12.006819
11.406605
10.843674
10.299640
9.791174
9.334831
8.947029
8.640966
8.405368
8.219870
8.064244
7.918413
7.811832
7.757722
7.711816
7.629967
7.468161
7.198918
6.851716
6.468025
6.089270
5.756835
5.467039
5.192448
4.938689
4.711183
4.515114
4.342597
4.189772
4.067826
3.988078
3.961954
3.997923
4.088602
4.221166
4.381984
4.556767
4.716188
4.868995
5.057269
5.321987
5.702623
6.200459
6.783397
7.442862
8.175254
8.981767
9.930082
11.027666
12.183682
13.301154
14.278376
15.067450
15.731384
16.334885
16.944624
17.628334
18.434015
19.321195
20.223665
21.073018
21.798451
22.382744
22.872081
23.288837
23.655246
23.993252
24.308397
24.583250
24.805570
24.964164
25.049070
25.062341
25.010227
24.889426
24.695737
24.424052
24.015658
23.472104
22.877061
22.312783
21.860162
21.537714
21.284964
21.067219
20.853840
20.618542
20.395221
20.210792
20.031906
19.823075
19.546020
19.208194
18.839452
18.433745
17.985583
17.488638
16.856500
16.092837
15.325935
14.685829
14.300271
14.285709
14.550070
14.907108
15.172876
15.164922
14.820000
14.258491
13.575217
12.865505
12.225080
11.631373
11.019409
10.422733
9.876630
9.417943
9.079703
8.840617
8.655558
8.477645
8.258523
8.011007
7.765109
7.498307
7.189327
6.818123
6.357180
5.821465
5.255099
4.701502
4.203351
3.754518
3.326399
2.927182
2.564772
2.246810
1.984668
1.772590
1.591985
1.423808
1.248406
1.039421
0.807590
0.588091
0.415972
0.326434
0.363685
0.501075
0.669486
0.801650
0.831849
0.726681
0.531864
0.301404
0.089464
-0.049630
-0.107139
-0.116644
-0.088405
-0.034165
0.032891
0.066876
0.075062
0.123093
0.276889
0.602661
1.110217
1.754209
2.519354
3.391756
4.358779
5.453385
6.686598
8.012797
9.385079
10.755359
12.128795
13.536814
14.970307
16.420275
17.877583
19.356037
20.859795
22.365517
23.851092
25.295989
26.714060
28.119780
29.494572
30.819535
32.075418
33.292027
34.481640
35.599585
36.602821
37.449973
38.157411
38.756967
39.230730
39.559396
39.722180
39.662480
39.395941
39.006730
38.575933
38.182011
37.807298
37.394128
36.961823
36.531220
36.124550
35.738715
35.363159
35.009381
34.685009
34.393415
34.166491
33.999790
33.839759
33.631121
33.317214
32.919601
32.469744
31.930697
31.272057
30.468689
29.459382
28.269275
27.001625
25.756079
24.629167
23.634391
22.704059
21.811934
20.932804
20.042251
19.147975
18.267191
17.390100
16.506365
15.604977
14.659362
13.676949
12.696935
11.758134
10.898967
10.126359
9.413750
8.749351
8.121496
7.518407
6.969233
6.481634
6.011634
5.515492
4.949543
4.274280
3.518612
2.741606
2.002628
1.361400
0.838725
0.395008
-0.000254
-0.377428
-0.766730
-1.186888
-1.617265
-2.029040
-2.393517
-2.682129
-2.882981
-3.014901
-3.095720
-3.143529
-3.177214
-3.276998
-3.434243
-3.534697
-3.461969
-3.096939
-2.325957
-1.229883
0.022992
1.267454
2.340752
3.185692
3.914485
4.618224
5.387633
6.314178
7.415065
8.630758
9.938159
11.313159
12.730499
14.253441
15.898399
17.568499
19.166463
20.594868
21.829378
22.933956
23.943788
24.894229
25.820769
26.732758
27.606678
28.428980
29.186511
29.866593
30.489228
31.065559
31.568892
31.970665
32.240346
32.334896
32.273770
32.118261
31.928960
31.765901
31.614723
31.433226
31.240149
31.054432
30.895069
30.787855
30.720260
30.654487
30.552950
30.378154
30.093647
29.725604
29.330042
28.962542
28.677891
28.514797
28.434328
28.374694
28.276089
28.080831
27.805681
27.488846
27.107098
26.638926
26.064701
25.338975
24.480860
23.566587
22.668144
21.852868
21.142942
20.490268
19.854157
19.194447
18.471474
17.677449
16.838492
15.966397
15.072819
14.169087
13.226383
12.237920
11.247350
10.297426
9.430029
8.641886
7.904151
7.220037
6.592936
6.026363
5.561661
5.196847
4.870246
4.519576
4.081848
3.546864
2.955560
2.321758
1.660026
0.985614
0.266273
-0.507399
-1.285588
-2.018619
-2.656985
-3.193561
-3.661434
-4.071552
-4.434773
-4.761836
-5.050117
-5.292540
-5.492948
-5.655045
-5.782429
-5.890727
-5.977289
-6.018438
-5.990763
-5.871490
-5.699530
-5.493121
-5.198468
-4.759873
-4.119087
-3.181149
-1.982935
-0.662112
0.642736
1.792026
2.724838
3.535065
4.314868
5.156277
6.151474
7.319082
8.599797
9.968352
11.397615
12.858592
14.414030
16.081303
17.762228
19.358683
20.772666
21.996228
23.094125
24.077787
24.959034
25.749868
26.431976
26.997497
27.474186
27.890460
28.275509
28.649396
28.994555
29.283607
29.488169
29.578798
29.522041
29.337915
29.075064
28.780396
28.499436
28.183272
27.798387
27.414002
27.100268
26.927799
26.948031
27.114414
27.350936
27.581728
27.731194
27.815086
27.884337
27.916735
27.890611
27.784825
27.556003
27.222032
26.851699
26.510076
26.258753
26.138136
26.102500
26.084397
26.018869
25.842122
25.576023
25.259564
24.856195
24.334936
23.671186
22.798390
21.740651
20.610120
19.514018
18.554628
17.754987
17.043968
16.380458
15.723971
15.034506
14.316106
13.596248
12.870263
12.132973
11.378476
10.584064
9.753799
8.920857
8.117845
7.377025
6.705949
6.082453
5.494351
4.929296
4.374488
3.844346
3.346978
2.859974
2.361269
1.829054
1.242891
0.617205
-0.017305
-0.629739
-1.188940
-1.696733
-2.173696
-2.616627
-3.022392
-3.387935
-3.701595
-3.965549
-4.197422
-4.414651
-4.634466
-4.882604
-5.147078
-5.388541
-5.567992
-5.646897
-5.646050
-5.591699
-5.454055
-5.203761
-4.812140
-4.258541
-3.566374
-2.771524
-1.906484
-1.000650
-0.018828
1.061489
2.193264
3.328812
4.419895
5.416074
6.350136
7.298548
8.337808
9.544493
11.000863
12.656250
14.387194
16.069620
17.579387
18.916302
20.162518
21.317536
22.381012
23.352676
24.214735
24.966752
25.634649
26.245296
26.826874
27.402436
27.955846
28.457567
28.877766
29.186103
29.374992
29.470452
29.487980
29.436985
29.321199
29.060365
28.644239
28.180755
27.780037
27.553650
27.548260
27.688987
27.906593
28.132922
28.300898
28.432503
28.573721
28.693884
28.762251
28.748232
28.628670
28.425747
28.176158
27.914847
27.674905
27.504605
27.379126
27.221855
26.957395
26.511712
25.841888
24.998708
24.050022
23.063639
22.106941
21.162796
20.187831
19.207862
18.247029
17.328324
16.455633
15.611753
14.788491
13.978152
13.173055
12.373488
11.585932
10.811348
10.049908
9.301004
8.550380
7.798042
7.064091
6.368463
5.730932
5.170197
4.672397
4.208597
3.750041
3.268003
2.760744
2.247391
1.730576
1.213023
0.697545
0.168834
-0.374984
-0.910754
-1.415149
-1.864642
-2.238952
-2.553230
-2.837011
-3.120031
-3.432306
-3.805451
-4.219663
-4.628079
-4.983761
-5.239635
-5.400672
-5.498358
-5.525351
-5.474500
-5.339209
-5.162577
-4.951527
-4.645548
-4.183165
-3.501429
-2.495355
-1.207731
0.205415
1.589419
2.790515
3.735910
4.530821
5.288369
6.120896
7.140619
8.384605
9.780232
11.274636
12.812766
14.337602
15.902651
17.543873
19.176941
20.717825
22.082852
23.258406
24.300004
25.227966
26.062688
26.824573
27.518662
28.131897
28.657782
29.090237
29.423473
29.660755
29.808686
29.864883
29.824480
29.680309
29.370200
28.895894
28.345585
27.808471
27.374416
27.020385
26.685450
26.403231
26.208122
26.135377
26.254753
26.542695
26.895398
27.209587
27.382545
27.393750
27.312723
27.172107
27.004443
26.842128
26.682000
26.503217
26.311012
26.110054
25.903677
25.728459
25.574505
25.377112
25.078610
24.628976
24.000208
23.231130
22.375951
21.487885
20.618973
19.759535
18.875301
17.979664
17.085713
16.206797
15.344480
14.489289
13.638862
12.791149
11.944092
11.082159
10.208684
9.348685
8.525629
7.761595
7.050621
6.377013
5.747784
5.169812
4.649364
4.216983
3.867108
3.551764
3.224209
2.838937
2.389214
1.905832
1.400185
0.883645
0.367594
-0.170618
-0.739021
-1.304040
-1.831621
-2.287229
-2.648048
-2.936852
-3.187224
-3.432593
-3.706241
-4.019962
-4.351287
-4.682161
-4.994658
-5.271044
-5.539353
-5.811765
-6.047174
-6.204929
-6.245178
-6.229848
-6.190316
-6.040141
-5.689722
-5.045712
-3.953253
-2.472145
-0.827968
0.753576
2.046363
2.932587
3.565365
4.123814
4.785616
5.727852
7.010823
8.517431
10.158774
11.844459
13.482703
15.136176
16.864790
18.571761
20.160588
21.535225
22.657546
23.591472
24.394256
25.123096
25.835109
26.539872
27.199540
27.800539
28.330035
28.776003
29.149889
29.464952
29.709397
29.866382
29.914231
29.774916
29.457212
29.068946
28.720213
28.522625
28.504204
28.589849
28.737181
28.904950
29.053441
29.243960
29.503383
29.741569
29.868462
29.794363
29.441531
28.872749
28.208438
27.566201
27.060532
26.740465
26.526790
26.340849
26.105099
25.742788
25.255234
24.692104
24.051259
23.333731
22.543112
21.638603
20.620916
19.555680
18.507779
17.540867
16.657842
15.815090
15.005289
14.221424
13.456880
12.721592
12.020248
11.338535
10.661646
9.974137
9.258484
8.524698
7.798149
7.104162
6.467992
5.891921
5.358598
4.863831
4.403546
3.973780
3.610925
3.317042
3.037254
2.717379
2.303800
1.757101
1.113661
0.433570
-0.223202
-0.796688
-1.281180
-1.716825
-2.112330
-2.476299
-2.817240
-3.129007
-3.405836
-3.656620
-3.890062
-4.114748
-4.348132
-4.584015
-4.795716
-4.957062
-5.042782
-5.097442
-5.140988
-5.111788
-4.947330
-4.583810
-3.964430
-3.135757
-2.184979
-1.195077
-0.245238
0.653408
1.558905
2.496502
3.490116
4.563032
5.713280
6.926306
8.206524
9.558139
10.984911
12.556272
14.270307
16.022243
17.706218
19.215951
20.545392
21.764433
22.880748
23.902027
24.835869
25.672274
26.405890
27.051486
27.624670
28.141974
28.618834
29.046755
29.406805
29.679511
29.844601
29.860756
29.744883
29.560008
29.364530
29.212796
29.063879
28.875390
28.699938
28.591156
28.602718
28.828790
29.234209
29.679224
30.024434
30.130734
29.914832
29.470826
28.925011
28.402981
28.029514
27.868294
27.834434
27.829527
27.755825
27.516416
27.097895
26.563981
25.936076
25.237881
24.494277
23.688089
22.803407
21.866659
20.905837
19.950855
18.979794
17.973599
16.966852
15.993652
15.087832
14.262982
13.496503
12.767656
12.055247
11.337601
10.599869
9.856331
9.128553
8.437754
7.804631
7.234195
6.711417
6.226873
5.771848
5.338348
4.948614
4.608017
4.283969
3.944133
3.556302
3.103091
2.605879
2.090632
1.583553
1.111212
0.685466
0.288590
-0.096689
-0.487343
-0.900088
-1.342726
-1.803397
-2.269325
-2.727820
-3.166263
-3.610692
-4.068987
-4.501586
-4.869332
-5.133742
-5.324524
-5.468687
-5.524567
-5.451017
-5.207830
-4.787288
-4.225245
-3.543315
-2.755263
-1.866954
-0.800566
0.454622
1.795804
3.119106
4.319731
5.324096
6.203166
7.068174
8.030396
9.201626
10.671391
12.365656
14.150826
15.892565
17.456439
18.841212
20.136241
21.342661
22.461349
23.493224
24.429533
25.269802
26.027619
26.716785
27.351164
27.949317
28.503567
28.988360
29.378088
29.647019
29.765198
29.753834
29.660368
29.527101
29.391881
29.196801
28.911059
28.613102
28.382279
28.297770
28.421763
28.700675
29.040401
29.348147
29.532543
29.592863
29.591129
29.530701
29.414911
29.247253
29.009723
28.701631
28.351689
27.986858
27.632283
27.313174
27.009037
26.677300
26.278265
25.774856
25.159682
24.459648
23.690307
22.867287
22.006529
21.067619
20.042641
18.994808
17.984450
17.069077
16.262861
15.524849
14.829311
14.151025
13.464807
12.780043
12.114012
11.453120
10.783463
10.090820
9.356154
8.588783
7.816709
7.067807
6.369801
5.727643
5.122141
4.544957
3.988163
3.444207
2.920198
2.421348
1.937417
1.458128
0.973194
0.471441
-0.040387
-0.545550
-1.027122
-1.468010
-1.864041
-2.226311
-2.560550
-2.872533
-3.168094
-3.447869
-3.708014
-3.947626
-4.165708
-4.361167
-4.568115
-4.787092
-4.966762
-5.056182
-5.005194
-4.833877
-4.578905
-4.215154
-3.715810
-3.052050
-2.130828
-0.972403
0.284816
1.504331
2.551380
3.342129
3.969587
4.564450
5.256013
6.172738
7.365484
8.748630
10.246159
11.782037
13.280467
14.790899
16.364339
17.926870
19.403723
20.719477
21.860238
22.875570
23.785002
24.608129
25.364527
26.047782
26.644518
27.164743
27.619832
28.022534
28.383840
28.699845
28.960349
29.152675
29.261559
29.247452
29.119995
28.934744
28.745864
28.606282
28.499341
28.385928
28.286122
28.221007
28.212202
28.319785
28.530082
28.754747
28.905461
28.893961
28.658961
28.260759
27.792550
27.346151
27.012073
26.836565
26.758031
26.704622
26.604268
26.384180
26.062769
25.683012
25.211863
24.623134
23.897039
22.981205
21.896585
20.733777
19.580396
18.520916
17.550617
16.611219
15.704415
14.832065
13.996419
13.223898
12.512777
11.823664
11.116955
10.352568
9.503470
8.596913
7.673285
6.772197
5.932682
5.145880
4.385103
3.662673
2.990853
2.381518
1.863831
1.429650
1.034812
0.635552
0.188401
-0.326945
-0.881324
-1.443948
-1.983935
-2.470217
-2.899517
-3.292531
-3.653970
-3.988502
-4.300795
-4.592206
-4.859787
-5.101600
-5.315435
-5.498752
-5.654379
-5.783061
-5.879373
-5.938763
-5.957796
-5.978884
-6.006433
-5.980803
-5.842151
-5.530463
-5.021799
-4.361162
-3.589147
-2.741809
-1.850597
-0.879082
0.198499
1.336264
2.487261
3.603866
4.637667
5.621674
6.630006
7.736625
9.015142
10.551857
12.298786
14.126630
15.904778
17.501846
18.912096
20.221256
21.435047
22.559576
23.601292
24.545263
25.386647
26.147430
26.850435
27.519532
28.180197
28.819279
29.403235
29.897919
30.268406
30.495244
30.606611
30.634565
30.605347
30.539888
30.385107
30.119927
29.812858
29.534101
29.354675
29.298381
29.318026
29.378677
29.445434
29.483535
29.500473
29.518974
29.527932
29.517185
29.477333
29.421624
29.358233
29.269487
29.136514
28.939266
28.712495
28.465377
28.140951
27.686248
27.052175
26.177252
25.098797
23.916988
22.730622
21.636993
20.638007
19.669717
18.728291
17.808276
16.902815
16.021684
15.166743
14.319642
13.463148
12.580867
11.659793
10.712777
9.761808
8.827410
7.928720
7.045480
6.163893
5.312134
4.518471
3.811060
3.214812
2.710221
2.258952
1.823250
1.365810
0.879900
0.390689
-0.091123
-0.554854
-0.989795
-1.383327
-1.742730
-2.086979
-2.434827
-2.804799
-3.216108
-3.656025
-4.095065
-4.503836
-4.853042
-5.142572
-5.391883
-5.601100
-5.770323
-5.899647
-6.000786
-6.073516
-6.100196
-6.063436
-5.946831
-5.798229
-5.633846
-5.389912
-4.999453
-4.391422
-3.457651
-2.245969
-0.914267
0.382127
1.489985
2.328379
3.004537
3.646977
4.382719
5.338158
6.565368
7.981220
9.508694
11.069377
12.583648
14.096038
15.658221
17.200258
18.652028
19.943460
21.052769
22.025956
22.895010
23.692017
24.448909
25.173011
25.843341
26.449456
26.981309
27.429245
27.802717
28.110160
28.339875
28.478971
28.513321
28.401220
28.151628
27.825072
27.481437
27.179976
26.891623
26.574422
26.268781
26.016198
25.859108
25.843764
25.942025
26.085431
26.205825
26.235450
26.155161
26.010750
25.831972
25.648352
25.489196
25.373513
25.282098
25.186490
25.057786
24.866047
24.641140
24.396893
24.081155
23.648436
23.060139
22.262488
21.288195
20.230231
19.179140
18.222972
17.362906
16.540194
15.750142
14.986878
14.243797
13.538057
12.872463
12.219469
11.551773
10.841886
10.072059
9.261758
8.438562
7.629102
6.859149
6.109695
5.362790
4.645363
3.984348
3.406569
2.940304
2.567141
2.243982
1.928029
1.576698
1.188277
0.791271
0.388568
-0.016905
-0.422188
-0.832504
-1.249816
-1.666149
-2.073407
-2.463354
-2.835746
-3.195789
-3.543316
-3.878170
-4.200211
-4.512387
-4.814497
-5.101762
-5.369514
-5.613213
-5.855867
-6.100399
-6.312471
-6.458114
-6.503973
-6.479047
-6.407983
-6.251069
-5.967688
-5.516113
-4.832182
-3.945646
-2.953335
-1.949841
-1.027496
-0.200979
0.594757
1.387564
2.204218
3.070627
3.960203
4.856207
5.798951
6.828901
7.986778
9.348267
10.888044
12.493861
14.051154
15.443601
16.659484
17.774042
18.801080
19.754864
20.649902
21.475282
22.221135
22.903868
23.540623
24.149376
24.761907
25.368730
25.925997
26.389026
26.712208
26.859019
26.862716
26.778933
26.659206
26.551466
26.412178
26.204445
25.986108
25.815853
25.752399
25.834208
26.022050
26.258315
26.485646
26.646996
26.746122
26.821266
26.867451
26.879852
26.853833
26.787013
26.683493
26.548224
26.385613
26.199073
26.009306
25.810209
25.565755
25.243852
24.816478
24.262269
23.602734
22.876017
22.120245
21.373918
20.618761
19.833058
19.048343
18.292370
17.589085
16.951022
16.358571
15.786315
15.209765
14.605071
13.976242
13.339735
12.690751
12.024203
11.334597
10.592714
9.802701
9.008366
8.252882
7.578886
6.997122
6.478490
6.005796
5.561918
5.129674
4.722851
4.352888
3.998931
3.640032
3.255140
2.841190
2.411961
1.971689
1.524709
1.075432
0.609798
0.124808
-0.358439
-0.818781
-1.234994
-1.605473
-1.944352
-2.253938
-2.536492
-2.794205
-3.029087
-3.239429
-3.421831
-3.573001
-3.689798
-3.793216
-3.885190
-3.934502
-3.910568
-3.783560
-3.534122
-3.183974
-2.765750
-2.312625
-1.858458
-1.410962
-0.954630
-0.485378
0.006677
0.537295
1.126385
1.771300
2.455069
3.156936
3.852658
4.519013
5.170220
5.837216
6.552011
7.347512
8.267494
9.292108
10.358817
11.404003
12.363139
13.233772
14.058776
14.841035
15.583292
16.288088
16.954462
17.580692
18.167925
18.717210
19.229441
19.692776
20.106424
20.487650
20.853595
21.221252
21.591981
21.953860
22.303777
22.638532
22.954813
23.259430
23.553344
23.824705
24.062146
24.254827
24.391763
24.480506
24.537896
24.580014
24.622050
24.672637
24.719276
24.745165
24.734234
24.671277
24.571040
24.442774
24.264220
24.013801
23.670721
23.211846
22.652281
22.029702
21.382180
20.747856
20.130544
19.505834
18.871450
18.227547
17.576419
16.894499
16.187008
15.499122
14.873806
14.351946
13.946183
13.630490
13.384063
13.183276
13.001842
12.863867
12.778922
12.700227
12.584892
12.394027
12.100102
11.733734
11.344958
10.981208
10.687032
10.467469
10.290892
10.145140
10.018771
9.901117
9.811922
9.757743
9.709080
9.636927
9.512836
9.314956
9.063478
8.792875
8.536755
8.327813
8.168137
8.035070
7.923483
7.828208
7.744055
7.663948
7.590097
7.531843
7.499295
7.503232
