





p303 HIP CALC ROWS
401
402
403
404
405
406
407
408
409
410
411
412
413
414
415
416
417
418
419
420
421
422
423
424
425
426
427
428
429
430
431
432
433
434
435
436
437
438
439
440
441
442
443
444
445
446
447
448
449
450
451
452
453
454
455
456
457
458
459
460
461
462
463
464
465
466
467
468
469
470
471
472
473
474
475
476
477
478
479
480
481
482
483
484
485
486
487
488
489
490
491
492
493
494
495
496
497
498
499
500
501
502
503
504
505
506
507
508
509
510
511
512
513
514
515
516
517
518
519
520
521
522
523
524
525
526
527
528
529
530
531
532
533
534
535
536
537
538
539
540
541
542
543
544
545
546
547
548
549
550
551
552
553
554
555
556
557
558
559
560
561
562
563
564
565
566
567
568
569
570
571
572
573
574
575
576
577
578
579
580
581
582
583
584
585
586
587
588
589
590
591
592
593
594
595
596
597
598
599
600
601
602
603
604
605
606
607
608
609
610
611
612
613
614
615
616
617
618
619
620
621
622
623
624
625
626
627
628
629
630
631
632
633
634
635
636
637
638
639
640
641
642
643
644
645
646
647
648
649
650
651
652
653
654
655
656
657
658
659
660
661
662
663
664
665
666
667
668
669
670
671
672
673
674
675
676
677
678
679
680
681
682
683
684
685
686
687
688
689
690
691
692
693
694
695
696
697
698
699
700
701
702
703
704
705
706
707
708
709
710
711
712
713
714
715
716
717
718
719
720
721
722
723
724
725
726
727
728
729
730
731
732
733
734
735
736
737
738
739
740
741
742
743
744
745
746
747
748
749
750
751
752
753
754
755
756
757
758
759
760
761
762
763
764
765
766
767
768
769
770
771
772
773
774
775
776
777
778
779
780
781
782
783
784
785
786
787
788
789
790
791
792
793
794
795
796
797
798
799
800
801
802
803
804
805
806
807
808
809
810
811
812
813
814
815
816
817
818
819
820
821
822
823
824
825
826
827
828
829
830
831
832
833
834
835
836
837
838
839
840
841
842
843
844
845
846
847
848
849
850
851
852
853
854
855
856
857
858
859
860
861
862
863
864
865
866
867
868
869
870
871
872
873
874
875
876
877
878
879
880
881
882
883
884
885
886
887
888
889
890
891
892
893
894
895
896
897
898
899
900
901
902
903
904
905
906
907
908
909
910
911
912
913
914
915
916
917
918
919
920
921
922
923
924
925
926
927
928
929
930
931
932
933
934
935
936
937
938
939
940
941
942
943
944
945
946
947
948
949
950
951
952
953
954
955
956
957
958
959
960
961
962
963
964
965
966
967
968
969
970
971
972
973
974
975
976
977
978
979
980
981
982
983
984
985
986
987
988
989
990
991
992
993
994
995
996
997
998
999
1000
1001
1002
1003
1004
1005
1006
1007
1008
1009
1010
1011
1012
1013
1014
1015
1016
1017
1018
1019
1020
1021
1022
1023
1024
1025
1026
1027
1028
1029
1030
1031
1032
1033
1034
1035
1036
1037
1038
1039
1040
1041
1042
1043
1044
1045
1046
1047
1048
1049
1050
1051
1052
1053
1054
1055
1056
1057
1058
1059
1060
1061
1062
1063
1064
1065
1066
1067
1068
1069
1070
1071
1072
1073
1074
1075
1076
1077
1078
1079
1080
1081
1082
1083
1084
1085
1086
1087
1088
1089
1090
1091
1092
1093
1094
1095
1096
1097
1098
1099
1100
1101
1102
1103
1104
1105
1106
1107
1108
1109
1110
1111
1112
1113
1114
1115
1116
1117
1118
1119
1120
1121
1122
1123
1124
1125
1126
1127
1128
1129
1130
1131
1132
1133
1134
1135
1136
1137
1138
1139
1140
1141
1142
1143
1144
1145
1146
1147
1148
1149
1150
1151
1152
1153
1154
1155
1156
1157
1158
1159
1160
1161
1162
1163
1164
1165
1166
1167
1168
1169
1170
1171
1172
1173
1174
1175
1176
1177
1178
1179
1180
1181
1182
1183
1184
1185
1186
1187
1188
1189
1190
1191
1192
1193
1194
1195
1196
1197
1198
1199
1200
1201
1202
1203
1204
1205
1206
1207
1208
1209
1210
1211
1212
1213
1214
1215
1216
1217
1218
1219
1220
1221
1222
1223
1224
1225
1226
1227
1228
1229
1230
1231
1232
1233
1234
1235
1236
1237
1238
1239
1240
1241
1242
1243
1244
1245
1246
1247
1248
1249
1250
1251
1252
1253
1254
1255
1256
1257
1258
1259
1260
1261
1262
1263
1264
1265
1266
1267
1268
1269
1270
1271
1272
1273
1274
1275
1276
1277
1278
1279
1280
1281
1282
1283
1284
1285
1286
1287
1288
1289
1290
1291
1292
1293
1294
1295
1296
1297
1298
1299
1300
1301
1302
1303
1304
1305
1306
1307
1308
1309
1310
1311
1312
1313
1314
1315
1316
1317
1318
1319
1320
1321
1322
1323
1324
1325
1326
1327
1328
1329
1330
1331
1332
1333
1334
1335
1336
1337
1338
1339
1340
1341
1342
1343
1344
1345
1346
1347
1348
1349
1350
1351
1352
1353
1354
1355
1356
1357
1358
1359
1360
1361
1362
1363
1364
1365
1366
1367
1368
1369
1370
1371
1372
1373
1374
1375
1376
1377
1378
1379
1380
1381
1382
1383
1384
1385
1386
1387
1388
1389
1390
1391
1392
1393
1394
1395
1396
1397
1398
1399
1400
1401
1402
1403
1404
1405
1406
1407
1408
1409
1410
1411
1412
1413
1414
1415
1416
1417
1418
1419
1420
1421
1422
1423
1424
1425
1426
1427
1428
1429
1430
1431
1432
1433
1434
1435
1436
1437
1438
1439
1440
1441
1442
1443
1444
1445
1446
1447
1448
1449
1450
1451
1452
1453
1454
1455
1456
1457
1458
1459
1460
1461
1462
1463
1464
1465
1466
1467
1468
1469
1470
1471
1472
1473
1474
1475
1476
1477
1478
1479
1480
1481
1482
1483
1484
1485
1486
1487
1488
1489
1490
1491
1492
1493
1494
1495
1496
1497
1498
1499
1500
1501
1502
1503
1504
1505
1506
1507
1508
1509
1510
1511
1512
1513
1514
1515
1516
1517
1518
1519
1520
1521
1522
1523
1524
1525
1526
1527
1528
1529
1530
1531
1532
1533
1534
1535
1536
1537
1538
1539
1540
1541
1542
1543
1544
1545
1546
1547
1548
1549
1550
1551
1552
1553
1554
1555
1556
1557
1558
1559
1560
1561
1562
1563
1564
1565
1566
1567
1568
1569
1570
1571
1572
1573
1574
1575
1576
1577
1578
1579
1580
1581
1582
1583
1584
1585
1586
1587
1588
1589
1590
1591
1592
1593
1594
1595
1596
1597
1598
1599
1600
1601
1602
1603
1604
1605
1606
1607
1608
1609
1610
1611
1612
1613
1614
1615
1616
1617
1618
1619
1620
1621
1622
1623
1624
1625
1626
1627
1628
1629
1630
1631
1632
1633
1634
1635
1636
1637
1638
1639
1640
1641
1642
1643
1644
1645
1646
1647
1648
1649
1650
1651
1652
1653
1654
1655
1656
1657
1658
1659
1660
1661
1662
1663
1664
1665
1666
1667
1668
1669
1670
1671
1672
1673
1674
1675
1676
1677
1678
1679
1680
1681
1682
1683
1684
1685
1686
1687
1688
1689
1690
1691
1692
1693
1694
1695
1696
1697
1698
1699
1700
1701
1702
1703
1704
1705
1706
1707
1708
1709
1710
1711
1712
1713
1714
1715
1716
1717
1718
1719
1720
1721
1722
1723
1724
1725
1726
1727
1728
1729
1730
1731
1732
1733
1734
1735
1736
1737
1738
1739
1740
1741
1742
1743
1744
1745
1746
1747
1748
1749
1750
1751
1752
1753
1754
1755
1756
1757
1758
1759
1760
1761
1762
1763
1764
1765
1766
1767
1768
1769
1770
1771
1772
1773
1774
1775
1776
1777
1778
1779
1780
1781
1782
1783
1784
1785
1786
1787
1788
1789
1790
1791
1792
1793
1794
1795
1796
1797
1798
1799
1800
1801
1802
1803
1804
1805
1806
1807
1808
1809
1810
1811
1812
1813
1814
1815
1816
1817
1818
1819
1820
1821
1822
1823
1824
1825
1826
1827
1828
1829
1830
1831
1832
1833
1834
1835
1836
1837
1838
1839
1840
1841
1842
1843
1844
1845
1846
1847
1848
1849
1850
1851
1852
1853
1854
1855
1856
1857
1858
1859
1860
1861
1862
1863
1864
1865
1866
1867
1868
1869
1870
1871
1872
1873
1874
1875
1876
1877
1878
1879
1880
1881
1882
1883
1884
1885
1886
1887
1888
1889
1890
1891
1892
1893
1894
1895
1896
1897
1898
1899
1900
1901
1902
1903
1904
1905
1906
1907
1908
1909
1910
1911
1912
1913
1914
1915
1916
1917
1918
1919
1920
1921
1922
1923
1924
1925
1926
1927
1928
1929
1930
1931
1932
1933
1934
1935
1936
1937
1938
1939
1940
1941
1942
1943
1944
1945
1946
1947
1948
1949
1950
1951
1952
1953
1954
1955
1956
1957
1958
1959
1960
1961
1962
1963
1964
1965
1966
1967
1968
1969
1970
1971
1972
1973
1974
1975
1976
1977
1978
1979
1980
1981
1982
1983
1984
1985
1986
1987
1988
1989
1990
1991
1992
1993
1994
1995
1996
1997
1998
1999
2000
2001
2002
2003
2004
2005
2006
2007
2008
2009
2010
2011
2012
2013
2014
2015
2016
2017
2018
2019
2020
2021
2022
2023
2024
2025
2026
2027
2028
2029
2030
2031
2032
2033
2034
2035
2036
2037
2038
2039
2040
2041
2042
2043
2044
2045
2046
2047
2048
2049
2050
2051
2052
2053
2054
2055
2056
2057
2058
2059
2060
2061
2062
2063
2064
2065
2066
2067
2068
2069
2070
2071
2072
2073
2074
2075
2076
2077
2078
2079
2080
2081
2082
2083
2084
2085
2086
2087
2088
2089
2090
2091
2092
2093
2094
2095
2096
2097
2098
2099
2100
2101
2102
2103
2104
2105
2106
2107
2108
2109
2110
2111
2112
2113
2114
2115
2116
2117
2118
2119
2120
2121
2122
2123
2124
2125
2126
2127
2128
2129
2130
2131
2132
2133
2134
2135
2136
2137
2138
2139
2140
2141
2142
2143
2144
2145
2146
2147
2148
2149
2150
2151
2152
2153
2154
2155
2156
2157
2158
2159
2160
2161
2162
2163
2164
2165
2166
2167
2168
2169
2170
2171
2172
2173
2174
2175
2176
2177
2178
2179
2180
2181
2182
2183
2184
2185
2186
2187
2188
2189
2190
2191
2192
2193
2194
2195
2196
2197
2198
2199
2200
2201
2202
2203
2204
2205
2206
2207
2208
2209
2210
2211
2212
2213
2214
2215
2216
2217
2218
2219
2220
2221
2222
2223
2224
2225
2226
2227
2228
2229
2230
2231
2232
2233
2234
2235
2236
2237
2238
2239
2240
2241
2242
2243
2244
2245
2246
2247
2248
2249
2250
2251
2252
2253
2254
2255
2256
2257
2258
2259
2260
2261
2262
2263
2264
2265
2266
2267
2268
2269
2270
2271
2272
2273
2274
2275
2276
2277
2278
2279
2280
2281
2282
2283
2284
2285
2286
2287
2288
2289
2290
2291
2292
2293
2294
2295
2296
2297
2298
2299
2300
2301
2302
2303
2304
2305
2306
2307
2308
2309
2310
2311
2312
2313
2314
2315
2316
2317
2318
2319
2320
2321
2322
2323
2324
2325
2326
2327
2328
2329
2330
2331
2332
2333
2334
2335
2336
2337
2338
2339
2340
2341
2342
2343
2344
2345
2346
2347
2348
2349
2350
2351
2352
2353
2354
2355
2356
2357
2358
2359
2360
2361
2362
2363
2364
2365
2366
2367
2368
2369
2370
2371
2372
2373
2374
2375
2376
2377
2378
2379
2380
2381
2382
2383
2384
2385
2386
2387
2388
2389
2390
2391
2392
2393
2394
2395
2396
2397
2398
2399
2400
2401
2402
2403
2404
2405
2406
2407
2408
2409
2410
2411
2412
2413
2414
2415
2416
2417
2418
2419
2420
2421
2422
2423
2424
2425
2426
2427
2428
2429
2430
2431
2432
2433
2434
2435
2436
2437
2438
2439
2440
2441
2442
2443
2444
2445
2446
2447
2448
2449
2450
2451
2452
2453
2454
2455
2456
2457
2458
2459
2460
2461
2462
2463
2464
2465
2466
2467
2468
2469
2470
2471
2472
2473
2474
2475
2476
2477
2478
2479
2480
2481
2482
2483
2484
2485
2486
2487
2488
2489
2490
2491
2492
2493
2494
2495
2496
2497
2498
2499
2500
2501
2502
2503
2504
2505
2506
2507
2508
2509
2510
2511
2512
2513
2514
2515
2516
2517
2518
2519
2520
2521
2522
2523
2524
2525
2526
2527
2528
2529
2530
2531
2532
2533
2534
2535
2536
2537
2538
2539
2540
2541
2542
2543
2544
2545
2546
2547
2548
2549
2550
2551
2552
2553
2554
2555
2556
2557
2558
2559
2560
2561
2562
2563
2564
2565
2566
2567
2568
2569
2570
2571
2572
2573
2574
2575
2576
2577
2578
2579
2580
2581
2582
2583
2584
2585
2586
2587
2588
2589
2590
2591
2592
2593
2594
2595
2596
2597
2598
2599
2600
2601
2602
2603
2604
2605
2606
2607
2608
2609
2610
2611
2612
2613
2614
2615
2616
2617
2618
2619
2620
2621
2622
2623
2624
2625
2626
2627
2628
2629
2630
2631
2632
2633
2634
2635
2636
2637
2638






p303 HIP CALC VALUES
-4.571792
-5.054302
-5.500139
-5.941163
-6.425872
-6.989913
-7.596716
-8.186369
-8.744022
-9.284458
-9.792645
-10.268906
-10.713232
-11.110353
-11.428800
-11.700177
-12.004073
-12.365188
-12.759343
-13.192894
-13.696561
-14.240030
-14.737714
-15.168669
-15.553680
-15.869248
-16.088993
-16.238637
-16.372906
-16.502118
-16.616102
-16.739038
-16.898956
-17.067451
-17.183874
-17.299776
-17.363201
-17.159944
-16.567593
-15.712875
-14.755219
-13.720229
-12.582479
-11.421352
-10.266464
-9.085404
-7.863790
-6.596812
-5.288906
-3.940856
-2.537647
-1.095881
0.335729
1.757720
3.166246
4.508588
5.796501
7.019871
8.097062
9.002739
9.765209
10.383658
10.824237
11.122515
11.379370
11.624367
11.825041
11.988121
12.150246
12.274919
12.259468
12.019838
11.644914
11.287335
11.020038
10.766318
10.449277
10.040145
9.566429
9.035478
8.481768
7.865398
7.087287
6.069621
4.895697
3.713287
2.580330
1.440204
0.268944
-0.960967
-2.219705
-3.445350
-4.625247
-5.770947
-6.857429
-7.883711
-8.849123
-9.730767
-10.502362
-11.192256
-11.861056
-12.539666
-13.198263
-13.805970
-14.332319
-14.807852
-15.293562
-15.827693
-16.374734
-16.884112
-17.382697
-17.842285
-18.127804
-18.236217
-18.169071
-17.800068
-17.046614
-15.999464
-14.793390
-13.411238
-11.878009
-10.377980
-9.011585
-7.664931
-6.193552
-4.497821
-2.676951
-0.887717
0.844430
2.540479
4.115639
5.541142
6.845767
8.037134
9.157809
10.169690
10.961479
11.479835
11.781028
11.915891
11.848626
11.611160
11.354422
11.110900
10.848117
10.619709
10.473598
10.368088
10.217916
9.992746
9.722131
9.399890
9.077411
8.693318
8.072732
7.098489
5.892065
4.640907
3.378873
2.072053
0.807438
-0.368795
-1.500194
-2.631243
-3.803303
-4.974481
-6.064029
-7.057517
-7.968696
-8.757818
-9.358334
-9.835144
-10.345882
-10.954135
-11.596999
-12.243901
-12.899684
-13.561336
-14.186330
-14.755311
-15.287500
-15.797285
-16.291484
-16.762379
-17.202731
-17.657504
-18.081739
-18.335104
-18.422032
-18.340810
-17.945197
-17.124926
-16.004593
-14.782195
-13.492115
-12.091522
-10.649402
-9.195862
-7.695083
-6.117356
-4.422450
-2.651217
-0.896310
0.834522
2.545250
4.163458
5.688277
7.120962
8.397557
9.530627
10.511187
11.244804
11.653750
11.819938
11.884711
11.864972
11.736783
11.579573
11.412143
11.217048
11.023158
10.882098
10.745516
10.493653
10.037829
9.471479
8.941118
8.565747
8.217474
7.669353
6.801387
5.733994
4.604197
3.431459
2.199821
0.992881
-0.142747
-1.253085
-2.394679
-3.609841
-4.856047
-6.063009
-7.241180
-8.378033
-9.369137
-10.122272
-10.729498
-11.364651
-12.110184
-12.884940
-13.617705
-14.285787
-14.911918
-15.492804
-16.025984
-16.514424
-16.962983
-17.407051
-17.811563
-18.075464
-18.220934
-18.225862
-17.923996
-17.212352
-16.201850
-15.046347
-13.744474
-12.301547
-10.869043
-9.534574
-8.200169
-6.734372
-5.045079
-3.226195
-1.426627
0.330432
2.065594
3.698165
5.212719
6.622994
7.897132
9.050386
10.072377
10.897357
11.505382
11.921482
12.146078
12.118796
11.897786
11.656908
11.417702
11.153713
10.966882
10.939772
10.989819
10.974986
10.880060
10.733640
10.449991
9.963713
9.328784
8.628380
7.928601
7.154255
6.188638
4.924516
3.480256
2.086294
0.839847
-0.356954
-1.567941
-2.830770
-4.105300
-5.338744
-6.530526
-7.677480
-8.725558
-9.645271
-10.467638
-11.232265
-11.939818
-12.591458
-13.227418
-13.872144
-14.502104
-15.084625
-15.599464
-16.066669
-16.513730
-16.961315
-17.389538
-17.764917
-18.153016
-18.487763
-18.539425
-18.214442
-17.611247
-16.791044
-15.727844
-14.463230
-13.145131
-11.829776
-10.444844
-8.931835
-7.230706
-5.399965
-3.561318
-1.731163
0.104889
1.871998
3.558534
5.172833
6.673657
8.073662
9.361603
10.465558
11.398156
12.150974
12.621942
12.696319
12.493209
12.255496
12.013114
11.727716
11.536766
11.552559
11.662554
11.671036
11.524504
11.288247
10.938843
10.440189
9.820786
9.145825
8.479122
7.750292
6.833512
5.617921
4.222089
2.871187
1.666506
0.506677
-0.687873
-1.961584
-3.268776
-4.554026
-5.821945
-7.064694
-8.210040
-9.229833
-10.152471
-10.994272
-11.740882
-12.409257
-13.063282
-13.732772
-14.388168
-15.003338
-15.552834
-16.061502
-16.578871
-17.163038
-17.757744
-18.240655
-18.612034
-18.870449
-18.890512
-18.649890
-18.172678
-17.406632
-16.269626
-14.858340
-13.378888
-11.880887
-10.302588
-8.673206
-7.017860
-5.311676
-3.510396
-1.537192
0.530268
2.505605
4.354310
6.104289
7.668285
9.008798
10.164346
11.172331
12.099875
12.886844
13.383824
13.474058
13.282164
13.013675
12.654386
12.207014
11.898357
11.853204
11.946000
12.035697
12.186270
12.349923
12.211233
11.520454
10.517454
9.609789
9.035495
8.534456
7.789425
6.639716
5.265170
3.879294
2.547867
1.206851
-0.126625
-1.453641
-2.771039
-4.055538
-5.310549
-6.528723
-7.672688
-8.756522
-9.766134
-10.625950
-11.258522
-11.744703
-12.247029
-12.822746
-13.414896
-14.013911
-14.622567
-15.238595
-15.845577
-16.470070
-17.088154
-17.606866
-18.071074
-18.434599
-18.466964
-18.051116
-17.308697
-16.368948
-15.219305
-13.882815
-12.533400
-11.248789
-9.941954
-8.531057
-6.972631
-5.306474
-3.577667
-1.763854
0.111673
1.935065
3.688822
5.386241
6.963123
8.422049
9.762231
10.920071
11.912821
12.727805
13.257652
13.395697
13.252318
13.040387
12.775327
12.433012
12.165294
12.050461
12.011532
11.971361
11.992673
12.022543
11.804324
11.141991
10.224954
9.366901
8.775357
8.228704
7.412143
6.121895
4.575195
3.101749
1.839059
0.650340
-0.547572
-1.794890
-3.049592
-4.270943
-5.451075
-6.596456
-7.688373
-8.749053
-9.755415
-10.622334
-11.267218
-11.774221
-12.309317
-12.943134
-13.606291
-14.254180
-14.876829
-15.483609
-16.058715
-16.627769
-17.165812
-17.580895
-17.867893
-18.030322
-17.989286
-17.723494
-17.255594
-16.576474
-15.649347
-14.532519
-13.343743
-12.111758
-10.790618
-9.367786
-7.817543
-6.164743
-4.474313
-2.724710
-0.939044
0.752683
2.322335
3.798328
5.138078
6.312301
7.351552
8.304591
9.243164
10.097294
10.703802
10.944664
10.941004
10.881721
10.799688
10.651513
10.510665
10.414645
10.330002
10.227601
10.131291
10.029343
9.830480
9.460121
8.984573
8.511229
8.150064
7.781068
7.172767
6.179622
4.952943
3.714024
2.531703
1.336831
0.146152
-1.037132
-2.212559
-3.363623
-4.492803
-5.595756
-6.645434
-7.652179
-8.604097
-9.440893
-10.098587
-10.641367
-11.202664
-11.841813
-12.502588
-13.145194
-13.754776
-14.346487
-14.924283
-15.494620
-16.050505
-16.575832
-17.091846
-17.577336
-17.953002
-18.266970
-18.471165
-18.342940
-17.756730
-16.848905
-15.785053
-14.554365
-13.161210
-11.789697
-10.532841
-9.299081
-7.998631
-6.595698
-5.123319
-3.595259
-1.990175
-0.329024
1.310444
2.927104
4.518119
6.004932
7.371746
8.633079
9.761720
10.796844
11.704374
12.350322
12.626974
12.646454
12.599903
12.512000
12.349336
12.215177
12.159648
12.133985
12.097415
12.091831
12.082662
11.914319
11.470023
10.870742
10.307244
9.910580
9.536148
8.960765
8.066467
6.974308
5.825506
4.647659
3.416021
2.191453
1.011650
-0.160845
-1.379008
-2.687576
-4.039674
-5.351882
-6.629542
-7.865829
-8.960506
-9.843599
-10.586046
-11.300332
-12.027987
-12.729052
-13.393656
-14.013652
-14.597463
-15.160078
-15.705694
-16.231615
-16.742363
-17.285230
-17.813157
-18.188522
-18.429117
-18.517370
-18.263057
-17.547587
-16.495730
-15.282788
-13.910144
-12.384369
-10.876179
-9.469430
-8.067102
-6.562065
-4.891704
-3.118311
-1.324738
0.503728
2.351045
4.088872
5.683051
7.165079
8.507624
9.720004
10.794021
11.679848
12.398677
12.932117
13.172049
12.983946
12.504700
12.030837
11.602416
11.173842
10.913118
10.993826
11.243570
11.314794
11.083547
10.686820
10.157391
9.446083
8.590006
7.738401
6.994200
6.244351
5.324980
4.115528
2.745999
1.437629
0.287396
-0.799337
-1.889255
-2.997004
-4.104518
-5.230064
-6.418818
-7.621680
-8.718885
-9.676235
-10.529887
-11.269901
-11.857736
-12.335546
-12.814627
-13.332366
-13.851911
-14.372397
-14.893144
-15.415569
-15.941574
-16.503615
-17.069777
-17.544462
-17.990857
-18.344259
-18.318232
-17.752419
-16.814514
-15.709702
-14.454509
-13.030625
-11.588824
-10.191624
-8.775562
-7.303718
-5.761259
-4.161068
-2.508476
-0.767915
1.024835
2.757613
4.411308
6.001714
7.471359
8.818722
10.045194
11.102862
12.026998
12.786629
13.236940
13.248955
12.955918
12.602200
12.211864
11.752578
11.383097
11.186708
11.082061
10.983739
10.906673
10.843769
10.670583
10.327860
9.870350
9.335901
8.771072
8.120599
7.278750
6.145716
4.829665
3.543866
2.376713
1.239436
0.079332
-1.122062
-2.344495
-3.582699
-4.861931
-6.155945
-7.382982
-8.530887
-9.610293
-10.575086
-11.382634
-12.077419
-12.745112
-13.421103
-14.070537
-14.673082
-15.201555
-15.683020
-16.178474
-16.740835
-17.318691
-17.816308
-18.236070
-18.575132
-18.729992
-18.711707
-18.511731
-17.999532
-17.066633
-15.828472
-14.489341
-13.086667
-11.584413
-10.067159
-8.588932
-7.085646
-5.461643
-3.636612
-1.692058
0.223639
2.095492
3.935500
5.638068
7.173301
8.569758
9.814625
10.945438
11.928293
12.646585
13.023139
13.138800
13.112421
12.913370
12.570727
12.287743
12.122048
12.014873
11.989744
12.160825
12.413271
12.426375
12.020038
11.386950
10.755335
10.225973
9.683544
9.023192
8.208991
7.273478
6.221926
5.008853
3.686719
2.410191
1.258051
0.151727
-0.991323
-2.205077
-3.453223
-4.713005
-6.030521
-7.356031
-8.525213
-9.462734
-10.245422
-10.940414
-11.549490
-12.073515
-12.578101
-13.073665
-13.550014
-14.041250
-14.564949
-15.104610
-15.643157
-16.216734
-16.790235
-17.238416
-17.563660
-17.761458
-17.696529
-17.323541
-16.693166
-15.818033
-14.634277
-13.222757
-11.798843
-10.442686
-9.058690
-7.584999
-5.984386
-4.290999
-2.551718
-0.738910
1.118879
2.891561
4.561470
6.142546
7.556779
8.771834
9.823179
10.739516
11.573763
12.276279
12.722665
12.801557
12.629917
12.418651
12.185031
11.901327
11.706401
11.688054
11.758136
11.795519
11.840749
11.868374
11.651045
10.981066
10.057725
9.253373
8.806476
8.458417
7.855873
6.815072
5.535735
4.259048
3.081145
1.908089
0.694636
-0.598715
-1.930718
-3.225154
-4.455611
-5.646172
-6.796943
-7.934280
-9.030139
-10.005757
-10.800423
-11.477914
-12.147793
-12.860546
-13.566845
-14.225772
-14.815769
-15.358309
-15.877588
-16.407301
-16.916772
-17.332984
-17.674382
-17.920906
-17.940357
-17.698917
-17.230896
-16.509336
-15.478858
-14.210135
-12.857161
-11.452371
-9.954246
-8.392260
-6.763768
-5.066164
-3.329269
-1.530764
0.306078
2.083119
3.797023
5.446595
6.940957
8.248111
9.401840
10.416563
11.322776
12.094533
12.662796
12.967104
13.071393
13.090856
13.035341
12.891594
12.738225
12.578074
12.407841
12.298308
12.339929
12.442651
12.407113
12.133781
11.723572
11.278157
10.830733
10.346434
9.824159
9.318513
8.768124
8.008269
6.908606
5.605260
4.343458
3.236258
2.171300
1.060369
-0.142400
-1.388755
-2.624283
-3.857072
-5.077478
-6.204465
-7.199795
-8.100115
-8.937329
-9.708562
-10.416938
-11.104986
-11.793155
-12.462900
-13.098925
-13.687384
-14.243481
-14.795134
-15.348152
-15.897607
-16.454403
-17.053656
-17.659350
-18.175585
-18.579949
-18.895312
-19.095039
-19.229469
-19.250672
-18.987073
-18.320595
-17.382823
-16.371319
-15.323917
-14.199273
-13.062640
-11.931047
-10.777058
-9.598476
-8.376499
-7.129358
-5.912441
-4.749928
-3.615250
-2.488568
-1.360807
-0.242263
0.856984
1.952532
3.027517
4.025171
4.946355
5.791805
6.503899
7.039551
7.436182
7.754409
8.005126
8.168595
8.259209
8.260419
8.173868
8.044453
7.881914
7.666226
7.411766
7.166456
6.899981
6.519019
5.983073
5.354591
4.685476
3.951115
3.165540
2.456428
1.901702
1.471899
1.139404
0.901162
0.736865
0.580674
0.427910
0.274862
0.068142
-0.250655
-0.621352
-0.915608
-1.078346
-1.168189
-1.228150
-1.256973
-1.259735
-1.286608
-1.366072
-1.470240
-1.564187
-1.620603
-1.671021
-1.766975
-1.938278
-2.151012
-2.361375
-2.553967
-2.748813
-2.957360
-3.185723
-3.427984
-3.677892
-3.922270
-4.178980
-4.488544
-4.876759
-5.317557
-5.773645
-6.245128
-6.735571
-7.212361
-7.660393
-8.091491
-8.513238
-8.932746
-9.341204
-9.728886
-10.158428
-10.576409
-10.801547
-10.700008
-10.406461
-10.134971
-9.959649
-9.797697
-9.622053
-9.456709
-9.273045
-8.964102
-8.497599
-7.904652
-7.172927
-6.282375
-5.256379
-4.148212
-2.951597
-1.674873
-0.392764
0.896597
2.188238
3.400578
4.505884
5.537990
6.512356
7.430551
8.297307
9.129856
9.934475
10.701245
11.420643
12.105731
12.738811
13.266941
13.675599
13.980036
14.177116
14.250439
14.224415
14.153145
14.089711
13.973529
13.681823
13.080828
12.300062
11.616632
11.135582
10.756942
10.451764
10.329504
10.284096
9.961938
9.149866
8.064305
6.989202
6.045599
5.104376
4.072611
2.909074
1.656936
0.352879
-1.044263
-2.490470
-3.823227
-4.982847
-6.031188
-6.989123
-7.835625
-8.591514
-9.339910
-10.127395
-10.907482
-11.623993
-12.230330
-12.773891
-13.339221
-13.964679
-14.611423
-15.247918
-15.902825
-16.547663
-17.064822
-17.407481
-17.620628
-17.724337
-17.790052
-17.747578
-17.406654
-16.673967
-15.649967
-14.433555
-12.986439
-11.349209
-9.731448
-8.230583
-6.743678
-5.176777
-3.466535
-1.675825
0.099289
1.854522
3.592241
5.227812
6.742248
8.153301
9.436407
10.621736
11.683498
12.516146
13.076557
13.411519
13.548630
13.438247
13.127478
12.785326
12.418467
12.015890
11.720743
11.665741
11.719157
11.630132
11.286614
10.814048
10.305139
9.791891
9.225910
8.567350
7.828323
6.994755
5.994987
4.745001
3.335291
1.959281
0.687129
-0.549615
-1.765725
-2.949368
-4.111725
-5.301870
-6.575283
-7.873335
-9.075645
-10.141144
-11.113219
-12.000673
-12.790604
-13.496955
-14.168051
-14.809653
-15.415021
-16.014152
-16.642525
-17.266355
-17.812633
-18.318597
-18.748291
-18.918378
-18.786646
-18.396366
-17.692053
-16.575628
-15.143694
-13.636677
-12.110107
-10.510896
-8.918948
-7.385699
-5.856906
-4.255301
-2.512238
-0.697614
1.057104
2.750361
4.379874
5.815986
7.006769
8.004297
8.841307
9.544583
10.091831
10.444878
10.535045
10.436653
10.317692
10.187636
10.024382
9.945392
10.024380
10.189167
10.345395
10.541046
10.744176
10.735366
10.363307
9.775676
9.183761
8.721354
8.238985
7.526144
6.449947
5.150598
3.831412
2.539642
1.227742
-0.043652
-1.232070
-2.377068
-3.540120
-4.749998
-5.975642
-7.190000
-8.438547
-9.675557
-10.739209
-11.530468
-12.150740
-12.739692
-13.342813
-13.915346
-14.461083
-14.966722
-15.445440
-15.941126
-16.490245
-17.057981
-17.581119
-18.083542
-18.539748
-18.812902
-18.921240
-18.848784
-18.409177
-17.474241
-16.176499
-14.719139
-13.092447
-11.305212
-9.586500
-8.075208
-6.631064
-5.064198
-3.273530
-1.359416
0.565248
2.517195
4.477670
6.281085
7.877656
9.314897
10.577422
11.677322
12.606004
13.320896
13.821991
14.113022
14.156484
13.838764
13.272094
12.754263
12.347995
11.985603
11.770523
11.883494
12.148844
12.138081
11.609347
10.811186
10.044576
9.463066
8.894872
8.157045
7.166193
6.012377
4.786451
3.492369
2.131159
0.788551
-0.509338
-1.788064
-3.040091
-4.249215
-5.430039
-6.620590
-7.887590
-9.160751
-10.275464
-11.156534
-11.883266
-12.525826
-13.089590
-13.570580
-14.024143
-14.440277
-14.828813
-15.274361
-15.825258
-16.433190
-17.038359
-17.675947
-18.312926
-18.786491
-19.110593
-19.270096
-19.058710
-18.365902
-17.308772
-16.020517
-14.438477
-12.620940
-10.881878
-9.410728
-8.016266
-6.445478
-4.567145
-2.513499
-0.429158
1.719304
3.894562
5.848469
7.497500
8.918141
10.114245
11.083879
11.837180
12.405728
12.805108
13.024695
13.056520
12.805718
12.369188
12.023019
11.864334
11.792836
11.785474
11.923488
12.125860
12.126927
11.773173
11.222926
10.673281
10.227201
9.771713
9.177153
8.411124
7.504335
6.430775
5.110753
3.631093
2.219522
0.967677
-0.214993
-1.373882
-2.510217
-3.622073
-4.749855
-5.947195
-7.158410
-8.260042
-9.193000
-10.015306
-10.780920
-11.490640
-12.144833
-12.798100
-13.483605
-14.169709
-14.813594
-15.388473
-15.921664
-16.450787
-17.005661
-17.556798
-18.052042
-18.557303
-19.005650
-19.146540
-18.895587
-18.343712
-17.502938
-16.282110
-14.772051
-13.253742
-11.830260
-10.396626
-8.921756
-7.398755
-5.832699
-4.211635
-2.500288
-0.735048
0.987644
2.655116
4.277394
5.793514
7.200470
8.500405
9.643990
10.628968
11.460752
12.103185
12.507115
12.723600
12.864315
12.943641
12.945589
12.934273
12.943225
12.937741
12.878842
12.796408
12.664426
12.360036
11.761325
10.994421
10.299108
9.798420
9.360510
8.837184
8.216372
7.507969
6.601241
5.364215
3.935772
2.611171
1.520008
0.529791
-0.459682
-1.457586
-2.453380
-3.517788
-4.722456
-5.996402
-7.196141
-8.284416
-9.297027
-10.200205
-10.948009
-11.588235
-12.227925
-12.912248
-13.594803
-14.244375
-14.841716
-15.405408
-15.961728
-16.542447
-17.116629
-17.616737
-18.052980
-18.414481
-18.602882
-18.649322
-18.526189
-18.048448
-17.057779
-15.714751
-14.311204
-12.933220
-11.493708
-10.023351
-8.550288
-7.041999
-5.439882
-3.695078
-1.858202
-0.022585
1.814327
3.648079
5.375525
6.984144
8.482598
9.804434
10.944657
11.912621
12.668606
13.197172
13.517255
13.639781
13.497543
13.158230
12.830310
12.558803
12.292501
12.094321
12.076443
12.128107
11.982286
11.460846
10.755503
10.143992
9.791373
9.516376
9.067327
8.338185
7.431580
6.418669
5.287289
4.056410
2.848945
1.736862
0.650527
-0.498641
-1.768269
-3.098265
-4.401210
-5.673844
-6.916603
-8.050124
-9.036713
-9.916021
-10.728075
-11.472874
-12.153295
-12.813415
-13.453346
-14.071175
-14.708031
-15.398778
-16.108980
-16.777975
-17.441698
-18.066273
-18.486158
-18.698016
-18.704506
-18.348997
-17.519099
-16.335446
-14.987664
-13.464014
-11.772850
-10.129660
-8.661554
-7.241168
-5.702419
-3.959351
-2.095989
-0.200849
1.757327
3.745283
5.579363
7.201923
8.665826
9.960767
11.096160
12.069188
12.857058
13.486571
13.935054
14.104549
13.853543
13.325771
12.846972
12.489573
12.172637
11.992634
12.066224
12.279660
12.389465
12.322238
12.154723
11.866989
11.489907
10.980827
10.221664
9.107022
7.751363
6.380256
5.092872
3.791919
2.411072
0.891602
-0.705949
-2.269708
-3.782001
-5.259056
-6.641383
-7.905012
-9.074413
-10.164529
-11.167141
-12.091942
-12.980595
-13.867926
-14.718960
-15.469856
-16.070912
-16.570833
-17.053890
-17.580712
-18.092814
-18.496451
-18.903053
-19.203244
-18.971473
-17.887734
-16.272581
-14.661611
-13.244816
-11.834250
-10.398491
-8.948032
-7.467778
-5.887649
-4.170570
-2.354593
-0.485229
1.473407
3.481606
5.381510
7.147018
8.797449
10.250846
11.506829
12.572177
13.384928
13.916069
14.200905
14.273579
14.053296
13.621329
13.250727
13.025175
12.855920
12.756327
12.829194
12.974560
12.905153
12.450084
11.789194
11.154338
10.679392
10.219108
9.581151
8.667564
7.574279
6.406751
5.173971
3.873867
2.596310
1.386960
0.199735
-1.014952
-2.301352
-3.614724
-4.870586
-6.054095
-7.175739
-8.190712
-9.070413
-9.845173
-10.562440
-11.232188
-11.846934
-12.428052
-12.964234
-13.467097
-13.991627
-14.554591
-15.139230
-15.750166
-16.439485
-17.155643
-17.747778
-18.276183
-18.680406
-18.629483
-17.910232
-16.746451
-15.456668
-14.090405
-12.587758
-11.102556
-9.725006
-8.369408
-6.931276
-5.366369
-3.716435
-2.006543
-0.209685
1.646820
3.456402
5.221055
6.933139
8.475535
9.810882
10.978696
11.984183
12.871402
13.601092
14.054681
14.129655
13.933089
13.656009
13.296795
12.849237
12.495913
12.343577
12.285992
12.192716
12.011694
11.803913
11.603373
11.516924
11.424813
11.020042
10.116322
8.906489
7.657952
6.447011
5.198571
3.950413
2.731668
1.514000
0.248997
-1.094376
-2.484105
-3.875206
-5.293822
-6.713971
-8.012447
-9.132077
-10.128888
-11.050472
-11.909115
-12.694338
-13.420099
-14.075634
-14.670760
-15.249587
-15.814866
-16.362069
-16.926651
-17.614156
-18.323066
-18.779096
-18.918012
-18.803273
-18.351061
-17.483808
-16.286021
-14.912913
-13.321421
-11.549931
-9.870742
-8.449112
-7.117457
-5.650649
-3.936299
-2.088393
-0.222562
1.671742
3.577879
5.343507
6.926646
8.366010
9.643141
10.769097
11.741941
12.530315
13.148730
13.586256
13.772831
13.602553
13.183229
12.760247
12.359153
11.946833
11.679100
11.726942
11.919988
11.907388
11.494369
10.889394
10.339284
9.985348
9.662466
9.159845
8.405117
7.480137
6.421465
5.196460
3.841907
2.497348
1.209433
-0.067562
-1.334557
-2.582046
-3.819214
-5.076004
-6.411561
-7.764697
-8.985647
-10.004801
-10.892400
-11.710093
-12.458744
-13.138530
-13.810156
-14.501378
-15.184684
-15.837572
-16.460798
-17.054138
-17.593794
-18.126247
-18.606879
-18.874042
-18.912187
-18.735683
-18.228693
-17.286742
-16.024426
-14.652776
-13.198462
-11.635067
-10.082580
-8.616977
-7.153652
-5.568058
-3.765959
-1.842368
0.042974
1.870505
3.656608
5.298613
6.765302
8.087571
9.262443
10.330851
11.257263
11.927165
12.251195
12.323729
12.300231
12.169209
11.929403
11.751602
11.713144
11.741887
11.787894
11.920244
12.077033
12.006350
11.523346
10.816618
10.179747
9.788080
9.444696
8.890122
8.005657
6.920347
5.758597
4.535860
3.239394
1.949530
0.703981
-0.534116
-1.796870
-3.099153
-4.425133
-5.760859
-7.157244
-8.558508
-9.793044
-10.769605
-11.582342
-12.341675
-13.082627
-13.772489
-14.419526
-15.015880
-15.569593
-16.112330
-16.674959
-17.227508
-17.710132
-18.161800
-18.542984
-18.676531
-18.538962
-18.156494
-17.428993
-16.244975
-14.724378
-13.110234
-11.426810
-9.643508
-7.915776
-6.366445
-4.869427
-3.210024
-1.240515
0.887361
2.938629
4.872354
6.727202
8.392442
9.825657
11.068938
12.144065
13.088304
13.868656
14.405413
14.645487
14.644646
14.487678
14.116284
13.587113
13.156981
12.940361
12.821915
12.714469
12.650641
12.605454
12.400207
11.909574
11.257122
10.627467
10.151699
9.679626
8.985937
7.942728
6.690476
5.420907
4.196789
2.957597
1.708229
0.453355
-0.811294
-2.093298
-3.399721
-4.720246
-6.036176
-7.393207
-8.743039
-9.928687
-10.869061
-11.648180
-12.359788
-13.039167
-13.654073
-14.196164
-14.627623
-14.985748
-15.373699
-15.829284
-16.314465
-16.819168
-17.400200
-18.002269
-18.446895
-18.748041
-18.890996
-18.655130
-17.914787
-16.805064
-15.493348
-13.945177
-12.189732
-10.485714
-8.969687
-7.503018
-5.934880
-4.185670
-2.334374
-0.470198
1.426626
3.334643
5.103187
6.692530
8.134349
9.393614
10.464805
11.359384
12.077343
12.637293
13.026501
13.196984
13.058888
12.702825
12.347024
11.987615
11.622672
11.473866
11.763336
12.271299
12.562429
12.444481
12.121636
11.745942
11.355028
10.902071
10.400913
9.936936
9.413143
8.579638
7.244880
5.611007
4.025905
2.604777
1.232183
-0.091530
-1.364277
-2.585837
-3.760352
-4.877200
-5.947160
-7.008222
-8.102250
-9.188625
-10.181450
-11.034056
-11.792546
-12.510486
-13.223250
-13.896532
-14.480088
-14.937624
-15.305755
-15.643623
-15.968820
-16.263663
-16.534269
-16.800128
-17.041081
-17.204359
-17.270302
-17.259067
-17.180507
-17.130096
-17.021783
-16.600404
-15.707572
-14.538753
-13.345369
-12.168688
-10.938158
-9.706033
-8.497335
-7.270001
-5.981311
-4.572554
-3.101376
-1.703200
-0.447339
0.733275
1.906677
3.099349
4.283922
5.448692
6.629435
7.789507
8.810584
9.670092
10.394152
10.934676
11.248798
11.371424
11.363234
11.222016
10.936008
10.546831
9.965037
9.260261
8.722409
8.604480
8.661519
8.463268
7.765874






p303 HIP ACTUAL ROWS ROWS
401
402
403
404
405
406
407
408
409
410
411
412
413
414
415
416
417
418
419
420
421
422
423
424
425
426
427
428
429
430
431
432
433
434
435
436
437
438
439
440
441
442
443
444
445
446
447
448
449
450
451
452
453
454
455
456
457
458
459
460
461
462
463
464
465
466
467
468
469
470
471
472
473
474
475
476
477
478
479
480
481
482
483
484
485
486
487
488
489
490
491
492
493
494
495
496
497
498
499
500
501
502
503
504
505
506
507
508
509
510
511
512
513
514
515
516
517
518
519
520
521
522
523
524
525
526
527
528
529
530
531
532
533
534
535
536
537
538
539
540
541
542
543
544
545
546
547
548
549
550
551
552
553
554
555
556
557
558
559
560
561
562
563
564
565
566
567
568
569
570
571
572
573
574
575
576
577
578
579
580
581
582
583
584
585
586
587
588
589
590
591
592
593
594
595
596
597
598
599
600
601
602
603
604
605
606
607
608
609
610
611
612
613
614
615
616
617
618
619
620
621
622
623
624
625
626
627
628
629
630
631
632
633
634
635
636
637
638
639
640
641
642
643
644
645
646
647
648
649
650
651
652
653
654
655
656
657
658
659
660
661
662
663
664
665
666
667
668
669
670
671
672
673
674
675
676
677
678
679
680
681
682
683
684
685
686
687
688
689
690
691
692
693
694
695
696
697
698
699
700
701
702
703
704
705
706
707
708
709
710
711
712
713
714
715
716
717
718
719
720
721
722
723
724
725
726
727
728
729
730
731
732
733
734
735
736
737
738
739
740
741
742
743
744
745
746
747
748
749
750
751
752
753
754
755
756
757
758
759
760
761
762
763
764
765
766
767
768
769
770
771
772
773
774
775
776
777
778
779
780
781
782
783
784
785
786
787
788
789
790
791
792
793
794
795
796
797
798
799
800
801
802
803
804
805
806
807
808
809
810
811
812
813
814
815
816
817
818
819
820
821
822
823
824
825
826
827
828
829
830
831
832
833
834
835
836
837
838
839
840
841
842
843
844
845
846
847
848
849
850
851
852
853
854
855
856
857
858
859
860
861
862
863
864
865
866
867
868
869
870
871
872
873
874
875
876
877
878
879
880
881
882
883
884
885
886
887
888
889
890
891
892
893
894
895
896
897
898
899
900
901
902
903
904
905
906
907
908
909
910
911
912
913
914
915
916
917
918
919
920
921
922
923
924
925
926
927
928
929
930
931
932
933
934
935
936
937
938
939
940
941
942
943
944
945
946
947
948
949
950
951
952
953
954
955
956
957
958
959
960
961
962
963
964
965
966
967
968
969
970
971
972
973
974
975
976
977
978
979
980
981
982
983
984
985
986
987
988
989
990
991
992
993
994
995
996
997
998
999
1000
1001
1002
1003
1004
1005
1006
1007
1008
1009
1010
1011
1012
1013
1014
1015
1016
1017
1018
1019
1020
1021
1022
1023
1024
1025
1026
1027
1028
1029
1030
1031
1032
1033
1034
1035
1036
1037
1038
1039
1040
1041
1042
1043
1044
1045
1046
1047
1048
1049
1050
1051
1052
1053
1054
1055
1056
1057
1058
1059
1060
1061
1062
1063
1064
1065
1066
1067
1068
1069
1070
1071
1072
1073
1074
1075
1076
1077
1078
1079
1080
1081
1082
1083
1084
1085
1086
1087
1088
1089
1090
1091
1092
1093
1094
1095
1096
1097
1098
1099
1100
1101
1102
1103
1104
1105
1106
1107
1108
1109
1110
1111
1112
1113
1114
1115
1116
1117
1118
1119
1120
1121
1122
1123
1124
1125
1126
1127
1128
1129
1130
1131
1132
1133
1134
1135
1136
1137
1138
1139
1140
1141
1142
1143
1144
1145
1146
1147
1148
1149
1150
1151
1152
1153
1154
1155
1156
1157
1158
1159
1160
1161
1162
1163
1164
1165
1166
1167
1168
1169
1170
1171
1172
1173
1174
1175
1176
1177
1178
1179
1180
1181
1182
1183
1184
1185
1186
1187
1188
1189
1190
1191
1192
1193
1194
1195
1196
1197
1198
1199
1200
1201
1202
1203
1204
1205
1206
1207
1208
1209
1210
1211
1212
1213
1214
1215
1216
1217
1218
1219
1220
1221
1222
1223
1224
1225
1226
1227
1228
1229
1230
1231
1232
1233
1234
1235
1236
1237
1238
1239
1240
1241
1242
1243
1244
1245
1246
1247
1248
1249
1250
1251
1252
1253
1254
1255
1256
1257
1258
1259
1260
1261
1262
1263
1264
1265
1266
1267
1268
1269
1270
1271
1272
1273
1274
1275
1276
1277
1278
1279
1280
1281
1282
1283
1284
1285
1286
1287
1288
1289
1290
1291
1292
1293
1294
1295
1296
1297
1298
1299
1300
1301
1302
1303
1304
1305
1306
1307
1308
1309
1310
1311
1312
1313
1314
1315
1316
1317
1318
1319
1320
1321
1322
1323
1324
1325
1326
1327
1328
1329
1330
1331
1332
1333
1334
1335
1336
1337
1338
1339
1340
1341
1342
1343
1344
1345
1346
1347
1348
1349
1350
1351
1352
1353
1354
1355
1356
1357
1358
1359
1360
1361
1362
1363
1364
1365
1366
1367
1368
1369
1370
1371
1372
1373
1374
1375
1376
1377
1378
1379
1380
1381
1382
1383
1384
1385
1386
1387
1388
1389
1390
1391
1392
1393
1394
1395
1396
1397
1398
1399
1400
1401
1402
1403
1404
1405
1406
1407
1408
1409
1410
1411
1412
1413
1414
1415
1416
1417
1418
1419
1420
1421
1422
1423
1424
1425
1426
1427
1428
1429
1430
1431
1432
1433
1434
1435
1436
1437
1438
1439
1440
1441
1442
1443
1444
1445
1446
1447
1448
1449
1450
1451
1452
1453
1454
1455
1456
1457
1458
1459
1460
1461
1462
1463
1464
1465
1466
1467
1468
1469
1470
1471
1472
1473
1474
1475
1476
1477
1478
1479
1480
1481
1482
1483
1484
1485
1486
1487
1488
1489
1490
1491
1492
1493
1494
1495
1496
1497
1498
1499
1500
1501
1502
1503
1504
1505
1506
1507
1508
1509
1510
1511
1512
1513
1514
1515
1516
1517
1518
1519
1520
1521
1522
1523
1524
1525
1526
1527
1528
1529
1530
1531
1532
1533
1534
1535
1536
1537
1538
1539
1540
1541
1542
1543
1544
1545
1546
1547
1548
1549
1550
1551
1552
1553
1554
1555
1556
1557
1558
1559
1560
1561
1562
1563
1564
1565
1566
1567
1568
1569
1570
1571
1572
1573
1574
1575
1576
1577
1578
1579
1580
1581
1582
1583
1584
1585
1586
1587
1588
1589
1590
1591
1592
1593
1594
1595
1596
1597
1598
1599
1600
1601
1602
1603
1604
1605
1606
1607
1608
1609
1610
1611
1612
1613
1614
1615
1616
1617
1618
1619
1620
1621
1622
1623
1624
1625
1626
1627
1628
1629
1630
1631
1632
1633
1634
1635
1636
1637
1638
1639
1640
1641
1642
1643
1644
1645
1646
1647
1648
1649
1650
1651
1652
1653
1654
1655
1656
1657
1658
1659
1660
1661
1662
1663
1664
1665
1666
1667
1668
1669
1670
1671
1672
1673
1674
1675
1676
1677
1678
1679
1680
1681
1682
1683
1684
1685
1686
1687
1688
1689
1690
1691
1692
1693
1694
1695
1696
1697
1698
1699
1700
1701
1702
1703
1704
1705
1706
1707
1708
1709
1710
1711
1712
1713
1714
1715
1716
1717
1718
1719
1720
1721
1722
1723
1724
1725
1726
1727
1728
1729
1730
1731
1732
1733
1734
1735
1736
1737
1738
1739
1740
1741
1742
1743
1744
1745
1746
1747
1748
1749
1750
1751
1752
1753
1754
1755
1756
1757
1758
1759
1760
1761
1762
1763
1764
1765
1766
1767
1768
1769
1770
1771
1772
1773
1774
1775
1776
1777
1778
1779
1780
1781
1782
1783
1784
1785
1786
1787
1788
1789
1790
1791
1792
1793
1794
1795
1796
1797
1798
1799
1800
1801
1802
1803
1804
1805
1806
1807
1808
1809
1810
1811
1812
1813
1814
1815
1816
1817
1818
1819
1820
1821
1822
1823
1824
1825
1826
1827
1828
1829
1830
1831
1832
1833
1834
1835
1836
1837
1838
1839
1840
1841
1842
1843
1844
1845
1846
1847
1848
1849
1850
1851
1852
1853
1854
1855
1856
1857
1858
1859
1860
1861
1862
1863
1864
1865
1866
1867
1868
1869
1870
1871
1872
1873
1874
1875
1876
1877
1878
1879
1880
1881
1882
1883
1884
1885
1886
1887
1888
1889
1890
1891
1892
1893
1894
1895
1896
1897
1898
1899
1900
1901
1902
1903
1904
1905
1906
1907
1908
1909
1910
1911
1912
1913
1914
1915
1916
1917
1918
1919
1920
1921
1922
1923
1924
1925
1926
1927
1928
1929
1930
1931
1932
1933
1934
1935
1936
1937
1938
1939
1940
1941
1942
1943
1944
1945
1946
1947
1948
1949
1950
1951
1952
1953
1954
1955
1956
1957
1958
1959
1960
1961
1962
1963
1964
1965
1966
1967
1968
1969
1970
1971
1972
1973
1974
1975
1976
1977
1978
1979
1980
1981
1982
1983
1984
1985
1986
1987
1988
1989
1990
1991
1992
1993
1994
1995
1996
1997
1998
1999
2000
2001
2002
2003
2004
2005
2006
2007
2008
2009
2010
2011
2012
2013
2014
2015
2016
2017
2018
2019
2020
2021
2022
2023
2024
2025
2026
2027
2028
2029
2030
2031
2032
2033
2034
2035
2036
2037
2038
2039
2040
2041
2042
2043
2044
2045
2046
2047
2048
2049
2050
2051
2052
2053
2054
2055
2056
2057
2058
2059
2060
2061
2062
2063
2064
2065
2066
2067
2068
2069
2070
2071
2072
2073
2074
2075
2076
2077
2078
2079
2080
2081
2082
2083
2084
2085
2086
2087
2088
2089
2090
2091
2092
2093
2094
2095
2096
2097
2098
2099
2100
2101
2102
2103
2104
2105
2106
2107
2108
2109
2110
2111
2112
2113
2114
2115
2116
2117
2118
2119
2120
2121
2122
2123
2124
2125
2126
2127
2128
2129
2130
2131
2132
2133
2134
2135
2136
2137
2138
2139
2140
2141
2142
2143
2144
2145
2146
2147
2148
2149
2150
2151
2152
2153
2154
2155
2156
2157
2158
2159
2160
2161
2162
2163
2164
2165
2166
2167
2168
2169
2170
2171
2172
2173
2174
2175
2176
2177
2178
2179
2180
2181
2182
2183
2184
2185
2186
2187
2188
2189
2190
2191
2192
2193
2194
2195
2196
2197
2198
2199
2200
2201
2202
2203
2204
2205
2206
2207
2208
2209
2210
2211
2212
2213
2214
2215
2216
2217
2218
2219
2220
2221
2222
2223
2224
2225
2226
2227
2228
2229
2230
2231
2232
2233
2234
2235
2236
2237
2238
2239
2240
2241
2242
2243
2244
2245
2246
2247
2248
2249
2250
2251
2252
2253
2254
2255
2256
2257
2258
2259
2260
2261
2262
2263
2264
2265
2266
2267
2268
2269
2270
2271
2272
2273
2274
2275
2276
2277
2278
2279
2280
2281
2282
2283
2284
2285
2286
2287
2288
2289
2290
2291
2292
2293
2294
2295
2296
2297
2298
2299
2300
2301
2302
2303
2304
2305
2306
2307
2308
2309
2310
2311
2312
2313
2314
2315
2316
2317
2318
2319
2320
2321
2322
2323
2324
2325
2326
2327
2328
2329
2330
2331
2332
2333
2334
2335
2336
2337
2338
2339
2340
2341
2342
2343
2344
2345
2346
2347
2348
2349
2350
2351
2352
2353
2354
2355
2356
2357
2358
2359
2360
2361
2362
2363
2364
2365
2366
2367
2368
2369
2370
2371
2372
2373
2374
2375
2376
2377
2378
2379
2380
2381
2382
2383
2384
2385
2386
2387
2388
2389
2390
2391
2392
2393
2394
2395
2396
2397
2398
2399
2400
2401
2402
2403
2404
2405
2406
2407
2408
2409
2410
2411
2412
2413
2414
2415
2416
2417
2418
2419
2420
2421
2422
2423
2424
2425
2426
2427
2428
2429
2430
2431
2432
2433
2434
2435
2436
2437
2438
2439
2440
2441
2442
2443
2444
2445
2446
2447
2448
2449
2450
2451
2452
2453
2454
2455
2456
2457
2458
2459
2460
2461
2462
2463
2464
2465
2466
2467
2468
2469
2470
2471
2472
2473
2474
2475
2476
2477
2478
2479
2480
2481
2482
2483
2484
2485
2486
2487
2488
2489
2490
2491
2492
2493
2494
2495
2496
2497
2498
2499
2500
2501
2502
2503
2504
2505
2506
2507
2508
2509
2510
2511
2512
2513
2514
2515
2516
2517
2518
2519
2520
2521
2522
2523
2524
2525
2526
2527
2528
2529
2530
2531
2532
2533
2534
2535
2536
2537
2538
2539
2540
2541
2542
2543
2544
2545
2546
2547
2548
2549
2550
2551
2552
2553
2554
2555
2556
2557
2558
2559
2560
2561
2562
2563
2564
2565
2566
2567
2568
2569
2570
2571
2572
2573
2574
2575
2576
2577
2578
2579
2580
2581
2582
2583
2584
2585
2586
2587
2588
2589
2590
2591
2592
2593
2594
2595
2596
2597
2598
2599
2600
2601
2602
2603
2604
2605
2606
2607
2608
2609
2610
2611
2612
2613
2614
2615
2616
2617
2618
2619
2620
2621
2622
2623
2624
2625
2626
2627
2628
2629
2630
2631
2632
2633
2634
2635
2636
2637
2638






p303 HIP ACTUAL VALUES
-4.571792
-5.054302
-5.500139
-5.941163
-6.425872
-6.989913
-7.596716
-8.186369
-8.744022
-9.284458
-9.792645
-10.268906
-10.713232
-11.110353
-11.428800
-11.700177
-12.004073
-12.365188
-12.759343
-13.192894
-13.696561
-14.240030
-14.737714
-15.168669
-15.553680
-15.869248
-16.088993
-16.238637
-16.372906
-16.502118
-16.616102
-16.739038
-16.898956
-17.067451
-17.183874
-17.299776
-17.363201
-17.159944
-16.567593
-15.712875
-14.755219
-13.720229
-12.582479
-11.421352
-10.266464
-9.085404
-7.863790
-6.596812
-5.288906
-3.940856
-2.537647
-1.095881
0.335729
1.757720
3.166246
4.508588
5.796501
7.019871
8.097062
9.002739
9.765209
10.383658
10.824237
11.122515
11.379370
11.624367
11.825041
11.988121
12.150246
12.274919
12.259468
12.019838
11.644914
11.287335
11.020038
10.766318
10.449277
10.040145
9.566429
9.035478
8.481768
7.865398
7.087287
6.069621
4.895697
3.713287
2.580330
1.440204
0.268944
-0.960967
-2.219705
-3.445350
-4.625247
-5.770947
-6.857429
-7.883711
-8.849123
-9.730767
-10.502362
-11.192256
-11.861056
-12.539666
-13.198263
-13.805970
-14.332319
-14.807852
-15.293562
-15.827693
-16.374734
-16.884112
-17.382697
-17.842285
-18.127804
-18.236217
-18.169071
-17.800068
-17.046614
-15.999464
-14.793390
-13.411238
-11.878009
-10.377980
-9.011585
-7.664931
-6.193552
-4.497821
-2.676951
-0.887717
0.844430
2.540479
4.115639
5.541142
6.845767
8.037134
9.157809
10.169690
10.961479
11.479835
11.781028
11.915891
11.848626
11.611160
11.354422
11.110900
10.848117
10.619709
10.473598
10.368088
10.217916
9.992746
9.722131
9.399890
9.077411
8.693318
8.072732
7.098489
5.892065
4.640907
3.378873
2.072053
0.807438
-0.368795
-1.500194
-2.631243
-3.803303
-4.974481
-6.064029
-7.057517
-7.968696
-8.757818
-9.358334
-9.835144
-10.345882
-10.954135
-11.596999
-12.243901
-12.899684
-13.561336
-14.186330
-14.755311
-15.287500
-15.797285
-16.291484
-16.762379
-17.202731
-17.657504
-18.081739
-18.335104
-18.422032
-18.340810
-17.945197
-17.124926
-16.004593
-14.782195
-13.492115
-12.091522
-10.649402
-9.195862
-7.695083
-6.117356
-4.422450
-2.651217
-0.896310
0.834522
2.545250
4.163458
5.688277
7.120962
8.397557
9.530627
10.511187
11.244804
11.653750
11.819938
11.884711
11.864972
11.736783
11.579573
11.412143
11.217048
11.023158
10.882098
10.745516
10.493653
10.037829
9.471479
8.941118
8.565747
8.217474
7.669353
6.801387
5.733994
4.604197
3.431459
2.199821
0.992881
-0.142747
-1.253085
-2.394679
-3.609841
-4.856047
-6.063009
-7.241180
-8.378033
-9.369137
-10.122272
-10.729498
-11.364651
-12.110184
-12.884940
-13.617705
-14.285787
-14.911918
-15.492804
-16.025984
-16.514424
-16.962983
-17.407051
-17.811563
-18.075464
-18.220934
-18.225862
-17.923996
-17.212352
-16.201850
-15.046347
-13.744474
-12.301547
-10.869043
-9.534574
-8.200169
-6.734372
-5.045079
-3.226195
-1.426627
0.330432
2.065594
3.698165
5.212719
6.622994
7.897132
9.050386
10.072377
10.897357
11.505382
11.921482
12.146078
12.118796
11.897786
11.656908
11.417702
11.153713
10.966882
10.939772
10.989819
10.974986
10.880060
10.733640
10.449991
9.963713
9.328784
8.628380
7.928601
7.154255
6.188638
4.924516
3.480256
2.086294
0.839847
-0.356954
-1.567941
-2.830770
-4.105300
-5.338744
-6.530526
-7.677480
-8.725558
-9.645271
-10.467638
-11.232265
-11.939818
-12.591458
-13.227418
-13.872144
-14.502104
-15.084625
-15.599464
-16.066669
-16.513730
-16.961315
-17.389538
-17.764917
-18.153016
-18.487763
-18.539425
-18.214442
-17.611247
-16.791044
-15.727844
-14.463230
-13.145131
-11.829776
-10.444844
-8.931835
-7.230706
-5.399965
-3.561318
-1.731163
0.104889
1.871998
3.558534
5.172833
6.673657
8.073662
9.361603
10.465558
11.398156
12.150974
12.621942
12.696319
12.493209
12.255496
12.013114
11.727716
11.536766
11.552559
11.662554
11.671036
11.524504
11.288247
10.938843
10.440189
9.820786
9.145825
8.479122
7.750292
6.833512
5.617921
4.222089
2.871187
1.666506
0.506677
-0.687873
-1.961584
-3.268776
-4.554026
-5.821945
-7.064694
-8.210040
-9.229833
-10.152471
-10.994272
-11.740882
-12.409257
-13.063282
-13.732772
-14.388168
-15.003338
-15.552834
-16.061502
-16.578871
-17.163038
-17.757744
-18.240655
-18.612034
-18.870449
-18.890512
-18.649890
-18.172678
-17.406632
-16.269626
-14.858340
-13.378888
-11.880887
-10.302588
-8.673206
-7.017860
-5.311676
-3.510396
-1.537192
0.530268
2.505605
4.354310
6.104289
7.668285
9.008798
10.164346
11.172331
12.099875
12.886844
13.383824
13.474058
13.282164
13.013675
12.654386
12.207014
11.898357
11.853204
11.946000
12.035697
12.186270
12.349923
12.211233
11.520454
10.517454
9.609789
9.035495
8.534456
7.789425
6.639716
5.265170
3.879294
2.547867
1.206851
-0.126625
-1.453641
-2.771039
-4.055538
-5.310549
-6.528723
-7.672688
-8.756522
-9.766134
-10.625950
-11.258522
-11.744703
-12.247029
-12.822746
-13.414896
-14.013911
-14.622567
-15.238595
-15.845577
-16.470070
-17.088154
-17.606866
-18.071074
-18.434599
-18.466964
-18.051116
-17.308697
-16.368948
-15.219305
-13.882815
-12.533400
-11.248789
-9.941954
-8.531057
-6.972631
-5.306474
-3.577667
-1.763854
0.111673
1.935065
3.688822
5.386241
6.963123
8.422049
9.762231
10.920071
11.912821
12.727805
13.257652
13.395697
13.252318
13.040387
12.775327
12.433012
12.165294
12.050461
12.011532
11.971361
11.992673
12.022543
11.804324
11.141991
10.224954
9.366901
8.775357
8.228704
7.412143
6.121895
4.575195
3.101749
1.839059
0.650340
-0.547572
-1.794890
-3.049592
-4.270943
-5.451075
-6.596456
-7.688373
-8.749053
-9.755415
-10.622334
-11.267218
-11.774221
-12.309317
-12.943134
-13.606291
-14.254180
-14.876829
-15.483609
-16.058715
-16.627769
-17.165812
-17.580895
-17.867893
-18.030322
-17.989286
-17.723494
-17.255594
-16.576474
-15.649347
-14.532519
-13.343743
-12.111758
-10.790618
-9.367786
-7.817543
-6.164743
-4.474313
-2.724710
-0.939044
0.752683
2.322335
3.798328
5.138078
6.312301
7.351552
8.304591
9.243164
10.097294
10.703802
10.944664
10.941004
10.881721
10.799688
10.651513
10.510665
10.414645
10.330002
10.227601
10.131291
10.029343
9.830480
9.460121
8.984573
8.511229
8.150064
7.781068
7.172767
6.179622
4.952943
3.714024
2.531703
1.336831
0.146152
-1.037132
-2.212559
-3.363623
-4.492803
-5.595756
-6.645434
-7.652179
-8.604097
-9.440893
-10.098587
-10.641367
-11.202664
-11.841813
-12.502588
-13.145194
-13.754776
-14.346487
-14.924283
-15.494620
-16.050505
-16.575832
-17.091846
-17.577336
-17.953002
-18.266970
-18.471165
-18.342940
-17.756730
-16.848905
-15.785053
-14.554365
-13.161210
-11.789697
-10.532841
-9.299081
-7.998631
-6.595698
-5.123319
-3.595259
-1.990175
-0.329024
1.310444
2.927104
4.518119
6.004932
7.371746
8.633079
9.761720
10.796844
11.704374
12.350322
12.626974
12.646454
12.599903
12.512000
12.349336
12.215177
12.159648
12.133985
12.097415
12.091831
12.082662
11.914319
11.470023
10.870742
10.307244
9.910580
9.536148
8.960765
8.066467
6.974308
5.825506
4.647659
3.416021
2.191453
1.011650
-0.160845
-1.379008
-2.687576
-4.039674
-5.351882
-6.629542
-7.865829
-8.960506
-9.843599
-10.586046
-11.300332
-12.027987
-12.729052
-13.393656
-14.013652
-14.597463
-15.160078
-15.705694
-16.231615
-16.742363
-17.285230
-17.813157
-18.188522
-18.429117
-18.517370
-18.263057
-17.547587
-16.495730
-15.282788
-13.910144
-12.384369
-10.876179
-9.469430
-8.067102
-6.562065
-4.891704
-3.118311
-1.324738
0.503728
2.351045
4.088872
5.683051
7.165079
8.507624
9.720004
10.794021
11.679848
12.398677
12.932117
13.172049
12.983946
12.504700
12.030837
11.602416
11.173842
10.913118
10.993826
11.243570
11.314794
11.083547
10.686820
10.157391
9.446083
8.590006
7.738401
6.994200
6.244351
5.324980
4.115528
2.745999
1.437629
0.287396
-0.799337
-1.889255
-2.997004
-4.104518
-5.230064
-6.418818
-7.621680
-8.718885
-9.676235
-10.529887
-11.269901
-11.857736
-12.335546
-12.814627
-13.332366
-13.851911
-14.372397
-14.893144
-15.415569
-15.941574
-16.503615
-17.069777
-17.544462
-17.990857
-18.344259
-18.318232
-17.752419
-16.814514
-15.709702
-14.454509
-13.030625
-11.588824
-10.191624
-8.775562
-7.303718
-5.761259
-4.161068
-2.508476
-0.767915
1.024835
2.757613
4.411308
6.001714
7.471359
8.818722
10.045194
11.102862
12.026998
12.786629
13.236940
13.248955
12.955918
12.602200
12.211864
11.752578
11.383097
11.186708
11.082061
10.983739
10.906673
10.843769
10.670583
10.327860
9.870350
9.335901
8.771072
8.120599
7.278750
6.145716
4.829665
3.543866
2.376713
1.239436
0.079332
-1.122062
-2.344495
-3.582699
-4.861931
-6.155945
-7.382982
-8.530887
-9.610293
-10.575086
-11.382634
-12.077419
-12.745112
-13.421103
-14.070537
-14.673082
-15.201555
-15.683020
-16.178474
-16.740835
-17.318691
-17.816308
-18.236070
-18.575132
-18.729992
-18.711707
-18.511731
-17.999532
-17.066633
-15.828472
-14.489341
-13.086667
-11.584413
-10.067159
-8.588932
-7.085646
-5.461643
-3.636612
-1.692058
0.223639
2.095492
3.935500
5.638068
7.173301
8.569758
9.814625
10.945438
11.928293
12.646585
13.023139
13.138800
13.112421
12.913370
12.570727
12.287743
12.122048
12.014873
11.989744
12.160825
12.413271
12.426375
12.020038
11.386950
10.755335
10.225973
9.683544
9.023192
8.208991
7.273478
6.221926
5.008853
3.686719
2.410191
1.258051
0.151727
-0.991323
-2.205077
-3.453223
-4.713005
-6.030521
-7.356031
-8.525213
-9.462734
-10.245422
-10.940414
-11.549490
-12.073515
-12.578101
-13.073665
-13.550014
-14.041250
-14.564949
-15.104610
-15.643157
-16.216734
-16.790235
-17.238416
-17.563660
-17.761458
-17.696529
-17.323541
-16.693166
-15.818033
-14.634277
-13.222757
-11.798843
-10.442686
-9.058690
-7.584999
-5.984386
-4.290999
-2.551718
-0.738910
1.118879
2.891561
4.561470
6.142546
7.556779
8.771834
9.823179
10.739516
11.573763
12.276279
12.722665
12.801557
12.629917
12.418651
12.185031
11.901327
11.706401
11.688054
11.758136
11.795519
11.840749
11.868374
11.651045
10.981066
10.057725
9.253373
8.806476
8.458417
7.855873
6.815072
5.535735
4.259048
3.081145
1.908089
0.694636
-0.598715
-1.930718
-3.225154
-4.455611
-5.646172
-6.796943
-7.934280
-9.030139
-10.005757
-10.800423
-11.477914
-12.147793
-12.860546
-13.566845
-14.225772
-14.815769
-15.358309
-15.877588
-16.407301
-16.916772
-17.332984
-17.674382
-17.920906
-17.940357
-17.698917
-17.230896
-16.509336
-15.478858
-14.210135
-12.857161
-11.452371
-9.954246
-8.392260
-6.763768
-5.066164
-3.329269
-1.530764
0.306078
2.083119
3.797023
5.446595
6.940957
8.248111
9.401840
10.416563
11.322776
12.094533
12.662796
12.967104
13.071393
13.090856
13.035341
12.891594
12.738225
12.578074
12.407841
12.298308
12.339929
12.442651
12.407113
12.133781
11.723572
11.278157
10.830733
10.346434
9.824159
9.318513
8.768124
8.008269
6.908606
5.605260
4.343458
3.236258
2.171300
1.060369
-0.142400
-1.388755
-2.624283
-3.857072
-5.077478
-6.204465
-7.199795
-8.100115
-8.937329
-9.708562
-10.416938
-11.104986
-11.793155
-12.462900
-13.098925
-13.687384
-14.243481
-14.795134
-15.348152
-15.897607
-16.454403
-17.053656
-17.659350
-18.175585
-18.579949
-18.895312
-19.095039
-19.229469
-19.250672
-18.987073
-18.320595
-17.382823
-16.371319
-15.323917
-14.199273
-13.062640
-11.931047
-10.777058
-9.598476
-8.376499
-7.129358
-5.912441
-4.749928
-3.615250
-2.488568
-1.360807
-0.242263
0.856984
1.952532
3.027517
4.025171
4.946355
5.791805
6.503899
7.039551
7.436182
7.754409
8.005126
8.168595
8.259209
8.260419
8.173868
8.044453
7.881914
7.666226
7.411766
7.166456
6.899981
6.519019
5.983073
5.354591
4.685476
3.951115
3.165540
2.456428
1.901702
1.471899
1.139404
0.901162
0.736865
0.580674
0.427910
0.274862
0.068142
-0.250655
-0.621352
-0.915608
-1.078346
-1.168189
-1.228150
-1.256973
-1.259735
-1.286608
-1.366072
-1.470240
-1.564187
-1.620603
-1.671021
-1.766975
-1.938278
-2.151012
-2.361375
-2.553967
-2.748813
-2.957360
-3.185723
-3.427984
-3.677892
-3.922270
-4.178980
-4.488544
-4.876759
-5.317557
-5.773645
-6.245128
-6.735571
-7.212361
-7.660393
-8.091491
-8.513238
-8.932746
-9.341204
-9.728886
-10.158428
-10.576409
-10.801547
-10.700008
-10.406461
-10.134971
-9.959649
-9.797697
-9.622053
-9.456709
-9.273045
-8.964102
-8.497599
-7.904652
-7.172927
-6.282375
-5.256379
-4.148212
-2.951597
-1.674873
-0.392764
0.896597
2.188238
3.400578
4.505884
5.537990
6.512356
7.430551
8.297307
9.129856
9.934475
10.701245
11.420643
12.105731
12.738811
13.266941
13.675599
13.980036
14.177116
14.250439
14.224415
14.153145
14.089711
13.973529
13.681823
13.080828
12.300062
11.616632
11.135582
10.756942
10.451764
10.329504
10.284096
9.961938
9.149866
8.064305
6.989202
6.045599
5.104376
4.072611
2.909074
1.656936
0.352879
-1.044263
-2.490470
-3.823227
-4.982847
-6.031188
-6.989123
-7.835625
-8.591514
-9.339910
-10.127395
-10.907482
-11.623993
-12.230330
-12.773891
-13.339221
-13.964679
-14.611423
-15.247918
-15.902825
-16.547663
-17.064822
-17.407481
-17.620628
-17.724337
-17.790052
-17.747578
-17.406654
-16.673967
-15.649967
-14.433555
-12.986439
-11.349209
-9.731448
-8.230583
-6.743678
-5.176777
-3.466535
-1.675825
0.099289
1.854522
3.592241
5.227812
6.742248
8.153301
9.436407
10.621736
11.683498
12.516146
13.076557
13.411519
13.548630
13.438247
13.127478
12.785326
12.418467
12.015890
11.720743
11.665741
11.719157
11.630132
11.286614
10.814048
10.305139
9.791891
9.225910
8.567350
7.828323
6.994755
5.994987
4.745001
3.335291
1.959281
0.687129
-0.549615
-1.765725
-2.949368
-4.111725
-5.301870
-6.575283
-7.873335
-9.075645
-10.141144
-11.113219
-12.000673
-12.790604
-13.496955
-14.168051
-14.809653
-15.415021
-16.014152
-16.642525
-17.266355
-17.812633
-18.318597
-18.748291
-18.918378
-18.786646
-18.396366
-17.692053
-16.575628
-15.143694
-13.636677
-12.110107
-10.510896
-8.918948
-7.385699
-5.856906
-4.255301
-2.512238
-0.697614
1.057104
2.750361
4.379874
5.815986
7.006769
8.004297
8.841307
9.544583
10.091831
10.444878
10.535045
10.436653
10.317692
10.187636
10.024382
9.945392
10.024380
10.189167
10.345395
10.541046
10.744176
10.735366
10.363307
9.775676
9.183761
8.721354
8.238985
7.526144
6.449947
5.150598
3.831412
2.539642
1.227742
-0.043652
-1.232070
-2.377068
-3.540120
-4.749998
-5.975642
-7.190000
-8.438547
-9.675557
-10.739209
-11.530468
-12.150740
-12.739692
-13.342813
-13.915346
-14.461083
-14.966722
-15.445440
-15.941126
-16.490245
-17.057981
-17.581119
-18.083542
-18.539748
-18.812902
-18.921240
-18.848784
-18.409177
-17.474241
-16.176499
-14.719139
-13.092447
-11.305212
-9.586500
-8.075208
-6.631064
-5.064198
-3.273530
-1.359416
0.565248
2.517195
4.477670
6.281085
7.877656
9.314897
10.577422
11.677322
12.606004
13.320896
13.821991
14.113022
14.156484
13.838764
13.272094
12.754263
12.347995
11.985603
11.770523
11.883494
12.148844
12.138081
11.609347
10.811186
10.044576
9.463066
8.894872
8.157045
7.166193
6.012377
4.786451
3.492369
2.131159
0.788551
-0.509338
-1.788064
-3.040091
-4.249215
-5.430039
-6.620590
-7.887590
-9.160751
-10.275464
-11.156534
-11.883266
-12.525826
-13.089590
-13.570580
-14.024143
-14.440277
-14.828813
-15.274361
-15.825258
-16.433190
-17.038359
-17.675947
-18.312926
-18.786491
-19.110593
-19.270096
-19.058710
-18.365902
-17.308772
-16.020517
-14.438477
-12.620940
-10.881878
-9.410728
-8.016266
-6.445478
-4.567145
-2.513499
-0.429158
1.719304
3.894562
5.848469
7.497500
8.918141
10.114245
11.083879
11.837180
12.405728
12.805108
13.024695
13.056520
12.805718
12.369188
12.023019
11.864334
11.792836
11.785474
11.923488
12.125860
12.126927
11.773173
11.222926
10.673281
10.227201
9.771713
9.177153
8.411124
7.504335
6.430775
5.110753
3.631093
2.219522
0.967677
-0.214993
-1.373882
-2.510217
-3.622073
-4.749855
-5.947195
-7.158410
-8.260042
-9.193000
-10.015306
-10.780920
-11.490640
-12.144833
-12.798100
-13.483605
-14.169709
-14.813594
-15.388473
-15.921664
-16.450787
-17.005661
-17.556798
-18.052042
-18.557303
-19.005650
-19.146540
-18.895587
-18.343712
-17.502938
-16.282110
-14.772051
-13.253742
-11.830260
-10.396626
-8.921756
-7.398755
-5.832699
-4.211635
-2.500288
-0.735048
0.987644
2.655116
4.277394
5.793514
7.200470
8.500405
9.643990
10.628968
11.460752
12.103185
12.507115
12.723600
12.864315
12.943641
12.945589
12.934273
12.943225
12.937741
12.878842
12.796408
12.664426
12.360036
11.761325
10.994421
10.299108
9.798420
9.360510
8.837184
8.216372
7.507969
6.601241
5.364215
3.935772
2.611171
1.520008
0.529791
-0.459682
-1.457586
-2.453380
-3.517788
-4.722456
-5.996402
-7.196141
-8.284416
-9.297027
-10.200205
-10.948009
-11.588235
-12.227925
-12.912248
-13.594803
-14.244375
-14.841716
-15.405408
-15.961728
-16.542447
-17.116629
-17.616737
-18.052980
-18.414481
-18.602882
-18.649322
-18.526189
-18.048448
-17.057779
-15.714751
-14.311204
-12.933220
-11.493708
-10.023351
-8.550288
-7.041999
-5.439882
-3.695078
-1.858202
-0.022585
1.814327
3.648079
5.375525
6.984144
8.482598
9.804434
10.944657
11.912621
12.668606
13.197172
13.517255
13.639781
13.497543
13.158230
12.830310
12.558803
12.292501
12.094321
12.076443
12.128107
11.982286
11.460846
10.755503
10.143992
9.791373
9.516376
9.067327
8.338185
7.431580
6.418669
5.287289
4.056410
2.848945
1.736862
0.650527
-0.498641
-1.768269
-3.098265
-4.401210
-5.673844
-6.916603
-8.050124
-9.036713
-9.916021
-10.728075
-11.472874
-12.153295
-12.813415
-13.453346
-14.071175
-14.708031
-15.398778
-16.108980
-16.777975
-17.441698
-18.066273
-18.486158
-18.698016
-18.704506
-18.348997
-17.519099
-16.335446
-14.987664
-13.464014
-11.772850
-10.129660
-8.661554
-7.241168
-5.702419
-3.959351
-2.095989
-0.200849
1.757327
3.745283
5.579363
7.201923
8.665826
9.960767
11.096160
12.069188
12.857058
13.486571
13.935054
14.104549
13.853543
13.325771
12.846972
12.489573
12.172637
11.992634
12.066224
12.279660
12.389465
12.322238
12.154723
11.866989
11.489907
10.980827
10.221664
9.107022
7.751363
6.380256
5.092872
3.791919
2.411072
0.891602
-0.705949
-2.269708
-3.782001
-5.259056
-6.641383
-7.905012
-9.074413
-10.164529
-11.167141
-12.091942
-12.980595
-13.867926
-14.718960
-15.469856
-16.070912
-16.570833
-17.053890
-17.580712
-18.092814
-18.496451
-18.903053
-19.203244
-18.971473
-17.887734
-16.272581
-14.661611
-13.244816
-11.834250
-10.398491
-8.948032
-7.467778
-5.887649
-4.170570
-2.354593
-0.485229
1.473407
3.481606
5.381510
7.147018
8.797449
10.250846
11.506829
12.572177
13.384928
13.916069
14.200905
14.273579
14.053296
13.621329
13.250727
13.025175
12.855920
12.756327
12.829194
12.974560
12.905153
12.450084
11.789194
11.154338
10.679392
10.219108
9.581151
8.667564
7.574279
6.406751
5.173971
3.873867
2.596310
1.386960
0.199735
-1.014952
-2.301352
-3.614724
-4.870586
-6.054095
-7.175739
-8.190712
-9.070413
-9.845173
-10.562440
-11.232188
-11.846934
-12.428052
-12.964234
-13.467097
-13.991627
-14.554591
-15.139230
-15.750166
-16.439485
-17.155643
-17.747778
-18.276183
-18.680406
-18.629483
-17.910232
-16.746451
-15.456668
-14.090405
-12.587758
-11.102556
-9.725006
-8.369408
-6.931276
-5.366369
-3.716435
-2.006543
-0.209685
1.646820
3.456402
5.221055
6.933139
8.475535
9.810882
10.978696
11.984183
12.871402
13.601092
14.054681
14.129655
13.933089
13.656009
13.296795
12.849237
12.495913
12.343577
12.285992
12.192716
12.011694
11.803913
11.603373
11.516924
11.424813
11.020042
10.116322
8.906489
7.657952
6.447011
5.198571
3.950413
2.731668
1.514000
0.248997
-1.094376
-2.484105
-3.875206
-5.293822
-6.713971
-8.012447
-9.132077
-10.128888
-11.050472
-11.909115
-12.694338
-13.420099
-14.075634
-14.670760
-15.249587
-15.814866
-16.362069
-16.926651
-17.614156
-18.323066
-18.779096
-18.918012
-18.803273
-18.351061
-17.483808
-16.286021
-14.912913
-13.321421
-11.549931
-9.870742
-8.449112
-7.117457
-5.650649
-3.936299
-2.088393
-0.222562
1.671742
3.577879
5.343507
6.926646
8.366010
9.643141
10.769097
11.741941
12.530315
13.148730
13.586256
13.772831
13.602553
13.183229
12.760247
12.359153
11.946833
11.679100
11.726942
11.919988
11.907388
11.494369
10.889394
10.339284
9.985348
9.662466
9.159845
8.405117
7.480137
6.421465
5.196460
3.841907
2.497348
1.209433
-0.067562
-1.334557
-2.582046
-3.819214
-5.076004
-6.411561
-7.764697
-8.985647
-10.004801
-10.892400
-11.710093
-12.458744
-13.138530
-13.810156
-14.501378
-15.184684
-15.837572
-16.460798
-17.054138
-17.593794
-18.126247
-18.606879
-18.874042
-18.912187
-18.735683
-18.228693
-17.286742
-16.024426
-14.652776
-13.198462
-11.635067
-10.082580
-8.616977
-7.153652
-5.568058
-3.765959
-1.842368
0.042974
1.870505
3.656608
5.298613
6.765302
8.087571
9.262443
10.330851
11.257263
11.927165
12.251195
12.323729
12.300231
12.169209
11.929403
11.751602
11.713144
11.741887
11.787894
11.920244
12.077033
12.006350
11.523346
10.816618
10.179747
9.788080
9.444696
8.890122
8.005657
6.920347
5.758597
4.535860
3.239394
1.949530
0.703981
-0.534116
-1.796870
-3.099153
-4.425133
-5.760859
-7.157244
-8.558508
-9.793044
-10.769605
-11.582342
-12.341675
-13.082627
-13.772489
-14.419526
-15.015880
-15.569593
-16.112330
-16.674959
-17.227508
-17.710132
-18.161800
-18.542984
-18.676531
-18.538962
-18.156494
-17.428993
-16.244975
-14.724378
-13.110234
-11.426810
-9.643508
-7.915776
-6.366445
-4.869427
-3.210024
-1.240515
0.887361
2.938629
4.872354
6.727202
8.392442
9.825657
11.068938
12.144065
13.088304
13.868656
14.405413
14.645487
14.644646
14.487678
14.116284
13.587113
13.156981
12.940361
12.821915
12.714469
12.650641
12.605454
12.400207
11.909574
11.257122
10.627467
10.151699
9.679626
8.985937
7.942728
6.690476
5.420907
4.196789
2.957597
1.708229
0.453355
-0.811294
-2.093298
-3.399721
-4.720246
-6.036176
-7.393207
-8.743039
-9.928687
-10.869061
-11.648180
-12.359788
-13.039167
-13.654073
-14.196164
-14.627623
-14.985748
-15.373699
-15.829284
-16.314465
-16.819168
-17.400200
-18.002269
-18.446895
-18.748041
-18.890996
-18.655130
-17.914787
-16.805064
-15.493348
-13.945177
-12.189732
-10.485714
-8.969687
-7.503018
-5.934880
-4.185670
-2.334374
-0.470198
1.426626
3.334643
5.103187
6.692530
8.134349
9.393614
10.464805
11.359384
12.077343
12.637293
13.026501
13.196984
13.058888
12.702825
12.347024
11.987615
11.622672
11.473866
11.763336
12.271299
12.562429
12.444481
12.121636
11.745942
11.355028
10.902071
10.400913
9.936936
9.413143
8.579638
7.244880
5.611007
4.025905
2.604777
1.232183
-0.091530
-1.364277
-2.585837
-3.760352
-4.877200
-5.947160
-7.008222
-8.102250
-9.188625
-10.181450
-11.034056
-11.792546
-12.510486
-13.223250
-13.896532
-14.480088
-14.937624
-15.305755
-15.643623
-15.968820
-16.263663
-16.534269
-16.800128
-17.041081
-17.204359
-17.270302
-17.259067
-17.180507
-17.130096
-17.021783
-16.600404
-15.707572
-14.538753
-13.345369
-12.168688
-10.938158
-9.706033
-8.497335
-7.270001
-5.981311
-4.572554
-3.101376
-1.703200
-0.447339
0.733275
1.906677
3.099349
4.283922
5.448692
6.629435
7.789507
8.810584
9.670092
10.394152
10.934676
11.248798
11.371424
11.363234
11.222016
10.936008
10.546831
9.965037
9.260261
8.722409
8.604480
8.661519
8.463268
7.765874
