





p401 HIP CALC ROWS
501
502
503
504
505
506
507
508
509
510
511
512
513
514
515
516
517
518
519
520
521
522
523
524
525
526
527
528
529
530
531
532
533
534
535
536
537
538
539
540
541
542
543
544
545
546
547
548
549
550
551
552
553
554
555
556
557
558
559
560
561
562
563
564
565
566
567
568
569
570
571
572
573
574
575
576
577
578
579
580
581
582
583
584
585
586
587
588
589
590
591
592
593
594
595
596
597
598
599
600
601
602
603
604
605
606
607
608
609
610
611
612
613
614
615
616
617
618
619
620
621
622
623
624
625
626
627
628
629
630
631
632
633
634
635
636
637
638
639
640
641
642
643
644
645
646
647
648
649
650
651
652
653
654
655
656
657
658
659
660
661
662
663
664
665
666
667
668
669
670
671
672
673
674
675
676
677
678
679
680
681
682
683
684
685
686
687
688
689
690
691
692
693
694
695
696
697
698
699
700
701
702
703
704
705
706
707
708
709
710
711
712
713
714
715
716
717
718
719
720
721
722
723
724
725
726
727
728
729
730
731
732
733
734
735
736
737
738
739
740
741
742
743
744
745
746
747
748
749
750
751
752
753
754
755
756
757
758
759
760
761
762
763
764
765
766
767
768
769
770
771
772
773
774
775
776
777
778
779
780
781
782
783
784
785
786
787
788
789
790
791
792
793
794
795
796
797
798
799
800
801
802
803
804
805
806
807
808
809
810
811
812
813
814
815
816
817
818
819
820
821
822
823
824
825
826
827
828
829
830
831
832
833
834
835
836
837
838
839
840
841
842
843
844
845
846
847
848
849
850
851
852
853
854
855
856
857
858
859
860
861
862
863
864
865
866
867
868
869
870
871
872
873
874
875
876
877
878
879
880
881
882
883
884
885
886
887
888
889
890
891
892
893
894
895
896
897
898
899
900
901
902
903
904
905
906
907
908
909
910
911
912
913
914
915
916
917
918
919
920
921
922
923
924
925
926
927
928
929
930
931
932
933
934
935
936
937
938
939
940
941
942
943
944
945
946
947
948
949
950
951
952
953
954
955
956
957
958
959
960
961
962
963
964
965
966
967
968
969
970
971
972
973
974
975
976
977
978
979
980
981
982
983
984
985
986
987
988
989
990
991
992
993
994
995
996
997
998
999
1000
1001
1002
1003
1004
1005
1006
1007
1008
1009
1010
1011
1012
1013
1014
1015
1016
1017
1018
1019
1020
1021
1022
1023
1024
1025
1026
1027
1028
1029
1030
1031
1032
1033
1034
1035
1036
1037
1038
1039
1040
1041
1042
1043
1044
1045
1046
1047
1048
1049
1050
1051
1052
1053
1054
1055
1056
1057
1058
1059
1060
1061
1062
1063
1064
1065
1066
1067
1068
1069
1070
1071
1072
1073
1074
1075
1076
1077
1078
1079
1080
1081
1082
1083
1084
1085
1086
1087
1088
1089
1090
1091
1092
1093
1094
1095
1096
1097
1098
1099
1100
1101
1102
1103
1104
1105
1106
1107
1108
1109
1110
1111
1112
1113
1114
1115
1116
1117
1118
1119
1120
1121
1122
1123
1124
1125
1126
1127
1128
1129
1130
1131
1132
1133
1134
1135
1136
1137
1138
1139
1140
1141
1142
1143
1144
1145
1146
1147
1148
1149
1150
1151
1152
1153
1154
1155
1156
1157
1158
1159
1160
1161
1162
1163
1164
1165
1166
1167
1168
1169
1170
1171
1172
1173
1174
1175
1176
1177
1178
1179
1180
1181
1182
1183
1184
1185
1186
1187
1188
1189
1190
1191
1192
1193
1194
1195
1196
1197
1198
1199
1200
1201
1202
1203
1204
1205
1206
1207
1208
1209
1210
1211
1212
1213
1214
1215
1216
1217
1218
1219
1220
1221
1222
1223
1224
1225
1226
1227
1228
1229
1230
1231
1232
1233
1234
1235
1236
1237
1238
1239
1240
1241
1242
1243
1244
1245
1246
1247
1248
1249
1250
1251
1252
1253
1254
1255
1256
1257
1258
1259
1260
1261
1262
1263
1264
1265
1266
1267
1268
1269
1270
1271
1272
1273
1274
1275
1276
1277
1278
1279
1280
1281
1282
1283
1284
1285
1286
1287
1288
1289
1290
1291
1292
1293
1294
1295
1296
1297
1298
1299
1300
1301
1302
1303
1304
1305
1306
1307
1308
1309
1310
1311
1312
1313
1314
1315
1316
1317
1318
1319
1320
1321
1322
1323
1324
1325
1326
1327
1328
1329
1330
1331
1332
1333
1334
1335
1336
1337
1338
1339
1340
1341
1342
1343
1344
1345
1346
1347
1348
1349
1350
1351
1352
1353
1354
1355
1356
1357
1358
1359
1360
1361
1362
1363
1364
1365
1366
1367
1368
1369
1370
1371
1372
1373
1374
1375
1376
1377
1378
1379
1380
1381
1382
1383
1384
1385
1386
1387
1388
1389
1390
1391
1392
1393
1394
1395
1396
1397
1398
1399
1400
1401
1402
1403
1404
1405
1406
1407
1408
1409
1410
1411
1412
1413
1414
1415
1416
1417
1418
1419
1420
1421
1422
1423
1424
1425
1426
1427
1428
1429
1430
1431
1432
1433
1434
1435
1436
1437
1438
1439
1440
1441
1442
1443
1444
1445
1446
1447
1448
1449
1450
1451
1452
1453
1454
1455
1456
1457
1458
1459
1460
1461
1462
1463
1464
1465
1466
1467
1468
1469
1470
1471
1472
1473
1474
1475
1476
1477
1478
1479
1480
1481
1482
1483
1484
1485
1486
1487
1488
1489
1490
1491
1492
1493
1494
1495
1496
1497
1498
1499
1500
1501
1502
1503
1504
1505
1506
1507
1508
1509
1510
1511
1512
1513
1514
1515
1516
1517
1518
1519
1520
1521
1522
1523
1524
1525
1526
1527
1528
1529
1530
1531
1532
1533
1534
1535
1536
1537
1538
1539
1540
1541
1542
1543
1544
1545
1546
1547
1548
1549
1550
1551
1552
1553
1554
1555
1556
1557
1558
1559
1560
1561
1562
1563
1564
1565
1566
1567
1568
1569
1570
1571
1572
1573
1574
1575
1576
1577
1578
1579
1580
1581
1582
1583
1584
1585
1586
1587
1588
1589
1590
1591
1592
1593
1594
1595
1596
1597
1598
1599
1600
1601
1602
1603
1604
1605
1606
1607
1608
1609
1610
1611
1612
1613
1614
1615
1616
1617
1618
1619
1620
1621
1622
1623
1624
1625
1626
1627
1628
1629
1630
1631
1632
1633
1634
1635
1636
1637
1638
1639
1640
1641
1642
1643
1644
1645
1646
1647
1648
1649
1650
1651
1652
1653
1654
1655
1656
1657
1658
1659
1660
1661
1662
1663
1664
1665
1666
1667
1668
1669
1670
1671
1672
1673
1674
1675
1676
1677
1678
1679
1680
1681
1682
1683
1684
1685
1686
1687
1688
1689
1690
1691
1692
1693
1694
1695
1696
1697
1698
1699
1700
1701
1702
1703
1704
1705
1706
1707
1708
1709
1710
1711
1712
1713
1714
1715
1716
1717
1718
1719
1720
1721
1722
1723
1724
1725
1726
1727
1728
1729
1730
1731
1732
1733
1734
1735
1736
1737
1738
1739
1740
1741
1742
1743
1744
1745
1746
1747
1748
1749
1750
1751
1752
1753
1754
1755
1756
1757
1758
1759
1760
1761
1762
1763
1764
1765
1766
1767
1768
1769
1770
1771
1772
1773
1774
1775
1776
1777
1778
1779
1780
1781
1782
1783
1784
1785
1786
1787
1788
1789
1790
1791
1792
1793
1794
1795
1796
1797
1798
1799
1800
1801
1802
1803
1804
1805
1806
1807
1808
1809
1810
1811
1812
1813
1814
1815
1816
1817
1818
1819
1820
1821
1822
1823
1824
1825
1826
1827
1828
1829
1830
1831
1832
1833
1834
1835
1836
1837
1838
1839
1840
1841
1842
1843
1844
1845
1846
1847
1848
1849
1850
1851
1852
1853
1854
1855
1856
1857
1858
1859
1860
1861
1862
1863
1864
1865
1866
1867
1868
1869
1870
1871
1872
1873
1874
1875
1876
1877
1878
1879
1880
1881
1882
1883
1884
1885
1886
1887
1888
1889
1890
1891
1892
1893
1894
1895
1896
1897
1898
1899
1900
1901
1902
1903
1904
1905
1906
1907
1908
1909
1910
1911
1912
1913
1914
1915
1916
1917
1918
1919
1920
1921
1922
1923
1924
1925
1926
1927
1928
1929
1930
1931
1932
1933
1934
1935
1936
1937
1938
1939
1940
1941
1942
1943
1944
1945
1946
1947
1948
1949
1950
1951
1952
1953
1954
1955
1956
1957
1958
1959
1960
1961
1962
1963
1964
1965
1966
1967
1968
1969
1970
1971
1972
1973
1974
1975
1976
1977
1978
1979
1980
1981
1982
1983
1984
1985
1986
1987
1988
1989
1990
1991
1992
1993
1994
1995
1996
1997
1998
1999
2000
2001
2002
2003
2004
2005
2006
2007
2008
2009
2010
2011
2012
2013
2014
2015
2016
2017
2018
2019
2020
2021
2022
2023
2024
2025
2026
2027
2028
2029
2030
2031
2032
2033
2034
2035
2036
2037
2038
2039
2040
2041
2042
2043
2044
2045
2046
2047
2048
2049
2050
2051
2052
2053
2054
2055
2056
2057
2058
2059
2060
2061
2062
2063
2064
2065
2066
2067
2068
2069
2070
2071
2072
2073
2074
2075
2076
2077
2078
2079
2080
2081
2082
2083
2084
2085
2086
2087
2088
2089
2090
2091
2092
2093
2094
2095
2096
2097
2098
2099
2100
2101
2102
2103
2104
2105
2106
2107
2108
2109
2110
2111
2112
2113
2114
2115
2116
2117
2118
2119
2120
2121
2122
2123
2124
2125
2126
2127
2128
2129
2130
2131
2132
2133
2134
2135
2136
2137
2138
2139
2140
2141
2142
2143
2144
2145
2146
2147
2148
2149
2150
2151
2152
2153
2154
2155
2156
2157
2158
2159
2160
2161
2162
2163
2164
2165
2166
2167
2168
2169
2170
2171
2172
2173
2174
2175
2176
2177
2178
2179
2180
2181
2182
2183
2184
2185
2186
2187
2188
2189
2190
2191
2192
2193
2194
2195
2196
2197
2198
2199
2200
2201
2202
2203
2204
2205
2206
2207
2208
2209
2210
2211
2212
2213
2214
2215
2216
2217
2218
2219
2220
2221
2222
2223
2224
2225
2226
2227
2228
2229
2230
2231
2232
2233
2234
2235
2236
2237
2238
2239
2240
2241
2242
2243
2244
2245
2246
2247
2248
2249
2250
2251
2252
2253
2254
2255
2256
2257
2258
2259
2260
2261
2262
2263
2264
2265
2266
2267
2268
2269
2270
2271
2272
2273
2274
2275
2276
2277
2278
2279
2280
2281
2282
2283
2284
2285
2286
2287
2288
2289
2290
2291
2292
2293
2294
2295
2296
2297
2298
2299
2300
2301
2302
2303
2304
2305
2306
2307
2308
2309
2310
2311
2312
2313
2314
2315
2316
2317
2318
2319
2320
2321
2322
2323
2324
2325
2326
2327
2328
2329
2330
2331
2332
2333
2334
2335
2336
2337
2338
2339
2340
2341
2342
2343
2344
2345
2346
2347
2348
2349
2350
2351
2352
2353
2354
2355
2356
2357
2358
2359
2360
2361
2362
2363
2364
2365
2366
2367
2368
2369
2370
2371
2372
2373
2374
2375
2376
2377
2378
2379
2380
2381
2382
2383
2384
2385
2386
2387
2388
2389
2390
2391
2392
2393
2394
2395
2396
2397
2398
2399
2400
2401
2402
2403
2404
2405
2406
2407
2408
2409
2410
2411
2412
2413
2414
2415
2416
2417
2418
2419
2420
2421
2422
2423
2424
2425
2426
2427
2428
2429
2430
2431
2432
2433
2434
2435
2436
2437
2438
2439
2440
2441
2442
2443
2444
2445
2446
2447
2448
2449
2450
2451
2452
2453
2454
2455
2456
2457
2458
2459
2460
2461
2462
2463
2464
2465
2466
2467
2468
2469
2470
2471
2472
2473
2474
2475
2476
2477
2478
2479
2480
2481
2482
2483
2484
2485
2486
2487
2488
2489
2490
2491
2492
2493
2494
2495
2496
2497
2498
2499
2500
2501
2502
2503
2504
2505
2506
2507
2508
2509
2510
2511
2512
2513
2514
2515
2516
2517
2518
2519
2520
2521
2522
2523
2524
2525
2526
2527
2528
2529
2530
2531
2532
2533
2534
2535
2536
2537
2538
2539
2540
2541
2542
2543
2544
2545
2546
2547
2548
2549
2550
2551
2552
2553
2554
2555
2556
2557
2558
2559
2560
2561
2562
2563
2564
2565
2566
2567
2568
2569
2570
2571
2572
2573
2574
2575
2576
2577
2578
2579
2580
2581
2582
2583
2584
2585
2586
2587
2588
2589
2590
2591
2592
2593
2594
2595
2596
2597
2598
2599
2600
2601
2602
2603
2604
2605
2606
2607
2608
2609
2610
2611
2612
2613
2614
2615
2616
2617
2618
2619
2620
2621
2622
2623
2624
2625
2626
2627
2628
2629
2630
2631
2632
2633
2634
2635
2636
2637
2638
2639
2640
2641
2642
2643
2644
2645
2646
2647
2648
2649
2650
2651
2652
2653
2654
2655
2656
2657
2658
2659
2660
2661
2662
2663
2664
2665
2666
2667
2668
2669
2670
2671
2672
2673
2674
2675
2676
2677
2678
2679
2680
2681
2682
2683
2684
2685
2686
2687
2688
2689
2690
2691
2692
2693
2694
2695






p401 HIP CALC VALUES
1.399811
0.853454
0.231194
-0.512632
-1.344822
-2.203007
-3.055189
-3.786992
-4.255413
-4.480180
-4.558564
-4.627995
-4.859323
-5.329273
-6.019420
-6.869755
-7.756096
-8.494261
-9.002941
-9.352167
-9.665363
-10.079154
-10.572521
-11.120484
-11.682764
-12.225594
-12.753333
-13.220631
-13.562630
-13.768394
-13.873407
-13.977575
-14.122969
-14.316589
-14.481740
-14.568600
-14.574112
-14.506111
-14.433921
-14.550257
-14.398671
-13.816300
-12.646756
-10.942652
-8.934018
-6.590804
-4.135616
-1.862446
0.358342
2.441091
4.609001
6.811705
8.920991
10.955078
12.941817
14.924358
16.930666
18.869660
20.580837
21.950192
22.946497
23.559847
23.760155
23.539176
22.869344
21.879713
20.840278
19.760303
18.548697
17.653169
17.113062
17.068959
17.510350
17.787187
16.861881
15.531332
14.476506
13.684474
12.952138
11.687360
9.775633
7.822388
6.227699
4.747202
3.325805
1.999894
0.670566
-0.662878
-2.037186
-3.403218
-4.771053
-6.125316
-7.381335
-8.497706
-9.482334
-10.440510
-11.445383
-12.451783
-13.352685
-14.080446
-14.645053
-15.090913
-15.494925
-15.916418
-16.364550
-16.867553
-17.320310
-17.502258
-17.292811
-16.909442
-16.683536
-16.249224
-15.395056
-13.738368
-11.426223
-8.528059
-5.481773
-2.718443
-0.324540
1.975838
4.280018
6.704640
9.225577
11.555895
13.561282
15.186351
16.500067
17.597406
18.564740
19.500243
20.361108
20.917207
21.105951
20.880386
20.206997
19.278092
18.292118
17.494592
17.048178
16.892428
16.954135
17.259979
17.779497
17.476536
15.869385
14.263241
13.022885
12.047017
11.239377
9.626689
7.495430
5.482064
3.753911
2.316616
1.001124
-0.198673
-1.412463
-2.702073
-4.076753
-5.538214
-7.078223
-8.646627
-10.088298
-11.268733
-12.200260
-13.090904
-13.997231
-14.839818
-15.547969
-16.085503
-16.523622
-17.038640
-17.600347
-18.121791
-18.556309
-18.837775
-18.886494
-18.669245
-18.734804
-18.798899
-18.614137
-17.531430
-15.666209
-13.106038
-10.215431
-7.311373
-4.636063
-2.218895
0.217920
2.919566
5.753819
8.554378
11.128507
13.325826
15.098092
16.480484
17.642761
18.741415
19.709767
20.449356
20.799246
20.559452
19.783993
18.831238
18.003837
17.217811
17.008528
17.183429
17.550566
18.262530
19.006138
18.953303
17.433122
15.769197
14.441336
13.322221
12.129453
10.100882
7.577214
5.239985
3.468416
2.012851
0.632048
-0.673246
-1.901427
-3.127622
-4.502535
-6.054760
-7.658267
-9.175600
-10.482348
-11.543144
-12.320424
-13.038745
-13.816515
-14.589134
-15.279177
-15.809880
-16.255158
-16.711694
-17.170024
-17.587725
-17.891072
-18.122163
-18.213471
-18.297788
-18.403184
-18.185624
-17.144545
-15.338957
-12.906900
-10.021498
-7.074624
-4.382646
-1.893889
0.619193
3.274161
6.033747
8.798515
11.395601
13.584955
15.189951
16.392821
17.330001
18.112754
18.900528
19.602988
19.916734
19.689038
19.114080
18.596848
18.196773
17.688097
17.202867
17.234752
17.605383
18.278462
19.056572
18.768770
17.137234
15.702652
14.784092
14.220969
13.027842
10.659953
8.237373
6.312217
4.825320
3.404920
2.102288
0.865634
-0.414364
-1.785387
-3.281133
-4.847850
-6.419918
-8.043546
-9.625993
-11.057127
-12.293807
-13.510948
-14.730117
-15.806867
-16.654019
-17.264442
-17.736023
-18.201748
-18.685713
-19.129258
-19.456575
-19.627987
-19.957740
-20.032184
-19.771491
-18.861228
-17.312537
-15.180910
-12.651943
-9.973150
-7.283123
-4.644836
-2.004138
0.742002
3.461233
6.085857
8.648287
10.998876
12.971830
14.554527
16.045150
17.502520
18.794732
19.832868
20.498243
20.632167
20.220142
19.475006
18.747213
18.205895
17.589162
17.137381
16.966972
17.008197
17.513779
18.194456
18.080808
16.511176
14.855468
13.257879
11.844871
10.601516
8.478107
6.117922
4.143895
2.752435
1.594337
0.453759
-0.700706
-1.939537
-3.305175
-4.814045
-6.443354
-8.128283
-9.742899
-11.194641
-12.411987
-13.445141
-14.415022
-15.336664
-16.153967
-16.752244
-17.175835
-17.542119
-17.966781
-18.486874
-19.000364
-19.359145
-19.491230
-19.344457
-19.196420
-18.983055
-18.586713
-17.639082
-16.013341
-13.848153
-11.132272
-8.242880
-5.461175
-2.880083
-0.364896
2.256956
4.936260
7.589982
10.102574
12.204205
13.892618
15.201527
16.238737
17.163878
18.022451
18.694739
19.099090
19.082057
18.500944
17.815845
17.152395
16.586504
16.041495
15.912780
16.053219
16.606916
17.633837
18.577876
18.159174
16.539743
15.110597
13.953894
13.113290
11.887510
9.763624
7.443692
5.414242
3.856034
2.481906
1.121144
-0.186635
-1.444897
-2.704929
-4.079872
-5.600823
-7.204149
-8.788598
-10.258874
-11.496292
-12.519243
-13.465490
-14.404333
-15.240747
-15.927491
-16.457663
-16.907871
-17.357520
-17.885423
-18.467799
-18.987609
-19.255525
-19.242790
-19.094138
-19.103169
-18.921460
-18.322622
-16.921673
-15.024102
-12.530574
-9.729079
-6.914869
-4.379951
-2.020514
0.464568
3.167718
5.929531
8.664979
11.161392
13.319463
15.087206
16.570268
17.876755
19.059534
20.106545
20.870623
21.282752
21.201898
20.693840
20.057731
19.625366
19.157463
18.431570
17.767735
17.362649
17.550838
18.186690
18.644235
17.558515
15.475501
14.038583
13.040962
12.366653
11.167980
9.079741
6.751375
4.778363
3.272311
1.861810
0.563269
-0.677382
-2.016866
-3.436696
-4.956186
-6.586163
-8.255980
-9.936939
-11.548441
-12.960281
-14.226170
-15.407226
-16.478690
-17.350319
-17.968210
-18.398969
-18.726851
-19.112199
-19.545472
-19.900726
-20.067151
-20.063284
-20.083612
-19.779566
-19.197047
-18.102221
-16.518070
-14.478512
-12.031885
-9.289931
-6.469382
-3.821158
-1.244927
1.382049
3.981869
6.517460
8.967610
11.176039
13.051346
14.603048
16.007371
17.326476
18.489037
19.383565
19.902424
19.980931
19.576644
18.746962
17.739481
16.846151
16.056563
15.804809
15.779277
15.984502
16.786981
17.596442
17.095620
16.259290
15.270900
14.322874
13.488319
11.920313
9.590893
7.283158
5.282709
3.638546
2.203862
0.873517
-0.353771
-1.581192
-2.887401
-4.327406
-5.983295
-7.782976
-9.517521
-11.072360
-12.424132
-13.590270
-14.680735
-15.758794
-16.770256
-17.538908
-17.980766
-18.245917
-18.536007
-18.955096
-19.441032
-19.903336
-20.239887
-20.304034
-20.379858
-19.975169
-19.638626
-18.562507
-16.960178
-14.850206
-12.259648
-9.382486
-6.548112
-3.974645
-1.449076
1.255246
4.035236
6.807994
9.452321
11.712912
13.627247
15.180544
16.535125
17.740016
18.864606
19.780947
20.333003
20.426937
20.066844
19.389358
18.565820
17.775693
16.951575
16.291893
16.200723
16.473135
17.155408
17.959473
17.498614
16.220772
15.346230
14.804330
14.452210
12.910983
10.292825
7.912279
6.046058
4.448358
2.927809
1.572859
0.361779
-0.937557
-2.361239
-4.032978
-5.876522
-7.736320
-9.538968
-11.195019
-12.589016
-13.733253
-14.799551
-15.813132
-16.742381
-17.536926
-18.156321
-18.674873
-19.189909
-19.718680
-20.132635
-20.367440
-20.426636
-20.189300
-19.803556
-19.660703
-19.363902
-18.616904
-16.834044
-14.328373
-11.291984
-8.197503
-5.388233
-2.856687
-0.425593
1.998662
4.616529
7.387428
10.103116
12.340110
13.984266
15.299063
16.463155
17.589428
18.748596
19.802541
20.491322
20.581248
20.127610
19.419036
18.769267
18.257279
17.732635
17.556467
17.599249
17.913929
18.632700
19.302991
18.450279
16.983176
15.834867
15.065003
14.440903
12.740515
10.329936
8.087351
6.324795
4.942237
3.584895
2.200809
0.881555
-0.500493
-1.986820
-3.631683
-5.383228
-7.124930
-8.834112
-10.453114
-11.877696
-13.114259
-14.209861
-15.234701
-16.091061
-16.691364
-17.109907
-17.467439
-17.914352
-18.518686
-19.232899
-19.862986
-20.188253
-20.125485
-20.110919
-20.090605
-19.989283
-19.335531
-18.038158
-16.282192
-13.951752
-11.266298
-8.470586
-5.853236
-3.447712
-0.926964
1.667966
4.224528
6.712508
9.076262
11.146746
12.976676
14.583586
16.075797
17.447456
18.575657
19.337130
19.718849
19.692189
19.135476
18.568637
17.897056
17.362520
16.720261
16.321392
16.171100
16.278580
16.919210
17.343272
16.474418
15.551393
14.926429
14.593371
14.281201
12.636054
10.135420
7.829316
6.030318
4.583072
3.272320
2.009072
0.821184
-0.404939
-1.681656
-3.104725
-4.759776
-6.460769
-8.020343
-9.427192
-10.676552
-11.790772
-12.866896
-14.009688
-15.180603
-16.221377
-17.025079
-17.572265
-17.920944
-18.283199
-18.811865
-19.435226
-19.952298
-20.228275
-20.160264
-19.839811
-19.771294
-19.530808
-19.024009
-17.708595
-15.756030
-13.108926
-10.121002
-7.173252
-4.619785
-2.355510
-0.086331
2.411578
5.134319
7.922251
10.502022
12.711592
14.423320
15.777367
17.047502
18.308064
19.553116
20.605322
21.273820
21.503999
21.254128
20.643493
19.858715
19.112222
18.342228
17.875564
17.513194
17.452294
17.958931
18.372405
17.052261
15.657736
14.544176
13.610671
12.663042
10.730473
8.306087
5.914850
3.865808
2.272375
0.917667
-0.184421
-1.215035
-2.388972
-3.732168
-5.179653
-6.745860
-8.412595
-10.013155
-11.372958
-12.443322
-13.401045
-14.328013
-15.216009
-16.043182
-16.769647
-17.436666
-18.004877
-18.539564
-19.009028
-19.376848
-19.633552
-19.707738
-19.806409
-19.954073
-19.938236
-19.433540
-18.304214
-16.745982
-14.682073
-12.249560
-9.644695
-7.077764
-4.684189
-2.247560
0.304301
2.821009
5.321271
7.765664
9.903326
11.706189
13.237976
14.698588
16.145602
17.502826
18.655284
19.492277
19.969970
20.054428
19.699112
19.002154
18.212764
17.542767
17.171646
16.826483
16.871329
17.228238
17.978716
18.735996
18.259461
16.833550
15.533319
14.700541
14.409545
13.742395
11.640704
9.282221
7.342576
5.888012
4.496835
3.117884
1.841766
0.603453
-0.725223
-2.224632
-3.896195
-5.618447
-7.298561
-8.862064
-10.261192
-11.447813
-12.564002
-13.765994
-15.017106
-16.110019
-16.951450
-17.470688
-17.746603
-17.947325
-18.219677
-18.508859
-18.715471
-18.809899
-18.701606
-18.773922
-18.885410
-18.956181
-18.547237
-17.514696
-16.095843
-14.119760
-11.650884
-8.882223
-6.083686
-3.460118
-0.863604
1.705431
4.153238
6.523243
8.847519
10.954188
12.805329
14.379629
15.754543
16.964832
18.019462
18.828102
19.304145
19.435449
19.170806
18.524753
17.606721
16.709898
15.954382
15.340674
15.135047
15.187257
15.567477
16.344811
16.751893
15.689822
14.490671
13.386681
12.424404
11.582332
9.817374
7.480188
5.220958
3.398991
2.063988
0.894726
-0.194716
-1.070514
-1.926481
-2.943111
-4.180820
-5.673060
-7.322091
-8.912458
-10.261531
-11.316055
-12.153675
-12.863921
-13.587670
-14.315187
-14.970118
-15.483529
-15.833969
-16.070163
-16.306449
-16.619761
-16.945587
-17.214287
-17.395882
-17.437091
-17.291946
-17.210659
-17.253191
-17.318616
-16.992325
-15.760385
-13.944697
-11.438585
-8.781073
-6.368196
-4.246698
-2.259160
-0.211377
1.977654
4.241021
6.421381
8.336782
9.839732
10.850109
11.542271
12.188349
12.931718
13.650753
14.134353
14.244334
13.867805
13.130946
12.281692
11.516838
10.779200
10.110203
9.522501
9.214340
9.288852
9.603194
9.532050
8.244145
6.812447
5.941328
5.735794
5.570221
5.132459
4.460620
3.666511
2.722413
1.775789
0.865860
-0.108472
-1.182412
-2.193057
-3.152938
-3.862082
-4.481896
-5.037411
-5.604333
-6.197429
-6.841874
-7.510942
-8.193229
-8.694846
-9.362913
-10.059110
-10.797683
-11.540863
-12.146770
-12.567850
-12.820825
-12.987595
-13.116840
-13.239946
-13.350633
-13.373611
-13.473140
-13.614037
-13.773026
-13.943203
-14.090396
-14.144928
-14.080329
-13.931872
-13.717950
-13.490042
-13.149280
-12.522633
-11.546494
-9.940245
-8.145537
-6.043362
-4.059059
-2.029549
-0.006351
2.030300
3.950867
5.768068
7.442902
9.024298
10.528007
11.806250
12.971521
14.074565
14.985388
15.689906
16.175329
16.387028
16.270191
15.846854
15.324981
14.853525
14.320165
13.632256
12.940198
12.309731
11.990568
11.927899
11.562323
10.597269
10.157813
10.052264
9.259642
7.704725
5.953910
4.278326
2.696748
1.310006
0.122406
-0.973660
-2.106706
-3.247562
-4.327246
-5.458660
-6.671461
-7.913961
-9.202343
-10.294928
-11.222040
-12.103690
-12.986372
-13.912289
-14.793304
-15.580509
-16.250049
-16.765453
-17.089452
-17.296122
-17.577206
-18.141624
-18.632984
-18.990253
-19.131402
-19.127296
-19.322827
-19.658559
-19.845210
-19.551250
-18.600706
-17.322773
-15.719779
-13.848474
-11.611736
-9.126495
-6.664758
-4.254120
-1.785840
0.635753
2.829144
5.000241
7.105725
9.096635
11.006605
12.755787
14.134594
15.470297
16.469796
17.486525
18.213031
18.716634
18.977386
18.966670
18.632791
17.916863
17.203557
16.681770
16.282070
15.895104
15.792067
16.020253
16.499078
16.663224
15.578316
14.388493
13.507870
13.029256
12.964114
11.877325
9.648823
7.418962
5.629891
4.193077
2.711207
1.396540
0.187969
-0.959121
-2.186205
-3.511541
-4.980974
-6.566324
-8.105735
-9.527636
-10.756303
-11.813071
-12.798115
-13.857767
-14.967445
-15.969024
-16.720729
-17.234962
-17.680387
-18.191705
-18.695805
-19.133983
-19.482554
-19.745270
-19.850988
-19.946853
-19.821248
-19.593721
-18.813716
-17.352267
-15.311120
-12.745468
-9.925699
-7.002476
-4.483897
-2.177502
0.273166
2.905003
5.546826
8.044842
10.196154
12.024162
13.525564
14.776673
15.861649
16.751366
17.295677
17.499473
17.336249
16.737749
15.927035
14.938814
14.066747
13.495670
13.564095
13.719978
14.074342
15.071547
15.688255
15.315974
14.360654
13.217093
12.227051
11.028283
9.150448
6.924851
4.685056
2.837932
1.495918
0.320291
-0.750040
-1.634833
-2.585070
-3.742873
-5.109179
-6.688295
-8.378577
-9.959066
-11.320971
-12.392030
-13.292111
-14.157794
-14.991634
-15.757068
-16.441492
-17.010784
-17.497523
-17.971819
-18.395442
-18.734552
-18.978311
-19.156786
-19.199358
-19.366157
-19.351711
-19.210406
-18.432365
-16.715530
-14.803562
-12.759520
-10.127895
-7.355146
-4.839105
-2.434192
0.069411
2.626248
5.170025
7.471314
9.616039
11.323574
12.765864
14.068805
15.258123
16.358872
17.224810
17.749552
17.866841
17.576429
16.929448
16.047529
15.193249
14.627366
14.578480
14.689032
14.726368
15.232671
15.983703
15.655124
14.881175
14.388914
14.193301
14.177523
13.178438
11.056000
8.744359
6.839661
5.108716
3.688224
2.427871
1.293721
0.316122
-0.707073
-1.859927
-3.181394
-4.752999
-6.311567
-7.735014
-8.997271
-10.065585
-11.016460
-11.980847
-13.002836
-14.032606
-14.939818
-15.572745
-16.009937
-16.340040
-16.662186
-17.051688
-17.460066
-17.805943
-18.014522
-18.008124
-17.966024
-18.207254
-18.582371
-18.808336
-18.144068
-17.123827
-15.319424
-13.051892
-10.494133
-7.825079
-5.471397
-3.285235
-1.047766
1.480818
4.101864
6.668892
9.030996
11.068386
12.918790
14.606827
16.045271
17.567008
18.715113
19.529641
19.999638
19.971781
19.839056
19.311836
18.704001
18.026061
17.461541
17.236389
17.101680
17.304175
17.975617
18.202041
17.163961
16.076926
15.316397
14.499387
13.236673
11.319355
9.149156
7.019520
5.123335
3.553764
2.115862
0.825111
-0.327463
-1.492667
-2.631479
-3.920464
-5.370035
-6.858062
-8.303198
-9.536969
-10.752103
-11.761272
-12.753276
-13.769070
-14.735989
-15.611410
-16.276998
-16.779255
-17.185354
-17.531420
-17.847730
-18.104038
-18.279825
-18.349084
-18.600352
-18.838977
-18.896085
-18.412007
-17.258456
-15.709412
-13.566675
-11.090873
-8.489357
-5.840670
-3.538294
-1.233595
1.351031
4.000634
6.605872
9.008969
11.053370
12.900964
14.549241
16.060461
17.288266
18.572750
19.429524
19.981885
20.151074
19.932976
19.433687
18.719211
18.038053
17.239748
16.560263
16.033132
15.841193
16.401829
16.445515
16.261934
15.802984
15.611461
15.372441
13.930000
11.517429
8.993869
6.746641
5.049665
3.680263
2.436313
1.266439
0.258972
-0.739877
-1.898374
-3.272954
-4.874997
-6.433792
-7.940263
-9.321243
-10.550536
-11.674907
-12.796300
-13.959303
-15.023864
-15.868853
-16.444676
-16.810520
-17.177577
-17.591156
-18.015069
-18.394573
-18.654506
-18.743853
-18.867354
-19.075201
-19.001006
-18.458303
-17.165000
-15.400734
-13.027490
-10.305833
-7.602871
-5.123441
-2.772746
-0.216233
2.467249
5.133069
7.660593
9.849617
11.754017
13.278228
14.689378
16.254123
17.569994
18.737359
19.567434
19.818585
19.857394
19.241477
18.240840
17.297289
16.538574
16.000166
15.884550
15.940571
16.475941
17.071821
17.398202
16.270920
15.227443
14.538727
14.064177
12.766107
10.439806
7.990768
5.882947
4.301599
3.046198
1.898530
0.918408
-0.025883
-1.205770
-2.649223
-4.285929
-6.048819
-7.803164
-9.404930
-10.802162
-11.967664
-13.049208
-14.125932
-15.244127
-16.290512
-17.140469
-17.796148
-18.287421
-18.715386
-19.157550
-19.637450
-20.143258
-20.576197
-20.983173
-20.900760
-20.321367
-19.215906
-17.930313
-16.268934
-14.270896
-11.792062
-9.309877
-6.775652
-4.203742
-1.608359
0.801361
3.114486
5.320225
7.433865
9.289415
11.060171
12.740418
14.335904
15.790791
16.941743
17.690160
18.059225
18.082614
17.739176
17.008607
16.090756
15.342798
14.903002
14.994962
15.198921
15.497842
16.248811
17.093233
16.773934
15.604561
14.431210
13.455550
12.986732
12.630619
11.151449
8.971753
6.762727
5.030783
3.612305
2.252520
0.935935
-0.225038
-1.377499
-2.590249
-3.915859
-5.389058
-6.975583
-8.561194
-10.010123
-11.299821
-12.434753
-13.486804
-14.519952
-15.482038
-16.327872
-17.016163
-17.545567
-17.967769
-18.398247
-18.883780
-19.347011
-19.688555
-19.855967
-19.829018
-19.784025
-19.714976
-19.346560
-18.342720
-16.855226
-14.751472
-12.106224
-9.178388
-6.341948
-3.779818
-1.331672
1.180417
3.673495
6.114540
8.250792
10.223320
11.798521
12.903457
14.116304
15.222834
16.256501
17.084162
17.620159
17.775778
17.555054
16.979638
16.101034
15.134537
14.480346
14.402431
14.712815
15.156932
15.955426
16.916152
17.395131
16.801970
15.213842
13.592623
12.511192
12.100810
11.904645
10.697990
8.531148
6.361526
4.689962
3.398663
1.938090
0.596939
-0.661263
-2.002633
-3.435513
-4.915688
-6.468170
-8.041977
-9.562604
-10.955530
-12.159790
-13.234625
-14.261873
-15.264673
-16.201414
-17.026569
-17.745578
-18.407247
-19.007865
-19.555925
-19.949836
-20.074119
-19.817590
-19.549440
-19.030005
-18.346427
-17.207320
-15.296953
-12.745306
-9.735455
-6.896212
-4.109530
-1.652078
0.798113
3.230285
5.752361
8.337258
10.699259
12.686155
14.145148
15.480292
16.483797
17.427579
18.398082
19.272997
19.881210
20.017444
19.691908
19.016446
18.102929
17.395249
16.703700
16.390075
16.213422
16.283510
16.765983
17.219561
16.409089
14.630671
13.002938
12.151330
11.945233
11.322189
9.397358
7.087879
5.259084
3.971000
2.645190
1.483248
0.477724
-0.695303
-2.085485
-3.570475
-5.119857
-6.676871
-8.240197
-9.718849
-11.024329
-12.190928
-13.302010
-14.374287
-15.415967
-16.356279
-17.170796
-17.872363
-18.350445
-18.895110
-19.276560
-19.576338
-19.751212
-19.897707
-19.907075
-19.606114
-18.916248
-17.497091
-15.484516
-12.932152
-10.075066
-7.081674
-4.340557
-1.823578
0.744202
3.407966
6.204371
8.919496
11.214120
13.103223
14.596685
15.834991
16.991865
18.027408
18.861114
19.370103
19.454653
19.024980
18.200178
17.321747
16.742221
16.461170
16.650956
17.024913
17.601231
18.517145
19.320384
19.399104
18.142896
15.924486
14.195541
13.580814
13.212220
11.630560
10.089031
7.794413
6.000611
4.492204
2.909127
1.425575
0.049129
-1.379982
-2.906623
-4.475977
-6.059202
-7.668045
-9.290291
-10.739954
-11.852318
-12.792752
-13.696275
-14.553469
-15.328396
-16.042814
-16.748876
-17.474358
-18.163722
-18.842662
-19.384714
-19.696658
-19.754343
-19.613969
-19.693791
-19.647106
-19.074474
-17.696757
-15.564550
-12.762858
-9.928749
-7.112920
-4.818953
-2.586223
-0.080098
2.632554
5.471309
8.281979
10.801112
13.008583
14.762117
16.107449
17.216901
18.245417
19.148940
19.793303
20.060338
19.838116
19.169247
18.364400
17.657203
16.850575
16.369670
16.251228
16.546091
17.446980
18.045728
16.796085
15.447706
14.826711
14.654297
13.850870
11.435716
8.596467
6.211862
4.395868
2.840162
1.428429
0.220783
-0.911349
-2.143335
-3.560901
-5.150364
-6.850599
-8.578941
-10.260490
-11.725407
-12.961772
-14.095317
-15.201652
-16.219388
-17.109680
-17.858548
-18.544218
-19.299845
-20.117978
-20.905752
-21.572128
-21.948360
-22.051723
-21.907015
-21.605370
-20.686684
-19.199104
-17.200476
-14.633490
-11.828659
-9.096970
-6.513332
-3.976819
-1.336920
1.493458
4.433356
7.283212
9.817032
12.030201
13.842295
15.355846
16.776403
18.075815
19.197090
19.981581
20.344824
20.138950
19.484706
18.899222
18.718818
18.476102
18.266511
18.040464
18.000369
18.551165
19.295143
18.441757
17.193826
16.105011
15.313020
14.345159
12.228840
9.641079
7.260995
5.353014
3.894406
2.578133
1.366649
0.257015
-0.958496
-2.327082
-3.891530
-5.558358
-7.235741
-8.841993
-10.278374
-11.445619
-12.434077
-13.436821
-14.470048
-15.396834
-16.155850
-16.738696
-17.279892
-17.940421
-18.621550
-19.239596
-19.716355
-19.974001
-20.093766
-20.076881
-19.861188
-19.345694
-18.175700
-16.490135
-14.141045
-11.454437
-8.723442
-6.145681
-3.805422
-1.350815
1.357656
4.163415
6.838235
9.459448
11.543027
13.251699
14.642795
15.828113
16.949555
17.921272
18.617219
18.972128
18.876131
18.350728
17.712929
17.275323
16.904063
16.409702
16.115915
16.010829
16.450912
17.365205
17.298602
16.236532
15.262049
14.452667
13.650292
11.969525
9.687925
7.520683
5.587712
4.011069
2.637430
1.379753
0.284258
-0.851808
-2.162779
-3.652051
-5.242864
-6.792872
-8.378274
-9.900898
-11.211782
-12.354535
-13.485494
-14.626107
-15.723045
-16.726737
-17.613866
-18.378158
-19.056988
-19.636370
-20.127364
-20.506451
-20.639875
-20.876961
-20.889133
-20.638523
-19.820869
-18.335547
-16.342369
-13.892754
-11.217121
-8.574558
-6.074587
-3.745348
-1.314490
1.339720
4.098062
6.802545
9.309938
11.313426
13.105155
14.520171
15.802149
16.966256
17.889668
18.556828
18.964785
18.990273
18.563188
17.921461
17.397832
17.000362
16.662406
16.740076
17.123131
17.803763
18.743521
19.380075
18.534320
16.527213
14.854210
13.970807
13.598511
12.923625
11.083117
8.687713
6.619343
5.131421
3.745883
2.280973
0.969709
-0.192791
-1.385826
-2.667345
-4.111768
-5.613095
-7.104360
-8.504466
-9.698781
-10.693282
-11.604238
-12.523485
-13.382219
-14.206955
-14.971333
-15.628416
-16.242313
-16.837441
-17.283151
-17.596221
-17.647077
-17.532294
-16.956065
-16.447136
-16.115931
-16.171469
-15.726116
-14.513565
-12.571108
-10.224590
-7.838376
-5.560085
-3.331548
-1.198268
0.902771
3.007493
5.148761
7.148689
8.819085
9.933871
10.643914
11.016177
11.585673
12.090434
12.564815
12.881615
12.851796
12.442577
11.778676
11.037824
10.295412
9.608884
9.133690
8.917587
8.851164
8.910702
9.072945
9.068906
8.403976
7.460110
6.461313
5.472978
4.568692
3.739117
2.740718
1.541846
0.286250
-0.838661
-1.775897
-2.542791
-3.149370
-3.689326
-4.263287
-4.931833
-5.658973
-6.397531
-7.179929
-7.993465
-8.763309
-9.485663
-10.162002
-10.776280
-11.337957
-11.858871
-12.335193
-12.785743
-13.213066
-13.530827
-13.648999
-13.510895
-13.094623
-12.185752
-11.272927
-10.231777
-9.261603
-8.115282
-6.692522
-4.929460
-3.019047
-1.062506
1.098549
3.292882
5.116768
6.647966
7.958253
8.977144






p401 HIP ACTUAL ROWS ROWS
501
502
503
504
505
506
507
508
509
510
511
512
513
514
515
516
517
518
519
520
521
522
523
524
525
526
527
528
529
530
531
532
533
534
535
536
537
538
539
540
541
542
543
544
545
546
547
548
549
550
551
552
553
554
555
556
557
558
559
560
561
562
563
564
565
566
567
568
569
570
571
572
573
574
575
576
577
578
579
580
581
582
583
584
585
586
587
588
589
590
591
592
593
594
595
596
597
598
599
600
601
602
603
604
605
606
607
608
609
610
611
612
613
614
615
616
617
618
619
620
621
622
623
624
625
626
627
628
629
630
631
632
633
634
635
636
637
638
639
640
641
642
643
644
645
646
647
648
649
650
651
652
653
654
655
656
657
658
659
660
661
662
663
664
665
666
667
668
669
670
671
672
673
674
675
676
677
678
679
680
681
682
683
684
685
686
687
688
689
690
691
692
693
694
695
696
697
698
699
700
701
702
703
704
705
706
707
708
709
710
711
712
713
714
715
716
717
718
719
720
721
722
723
724
725
726
727
728
729
730
731
732
733
734
735
736
737
738
739
740
741
742
743
744
745
746
747
748
749
750
751
752
753
754
755
756
757
758
759
760
761
762
763
764
765
766
767
768
769
770
771
772
773
774
775
776
777
778
779
780
781
782
783
784
785
786
787
788
789
790
791
792
793
794
795
796
797
798
799
800
801
802
803
804
805
806
807
808
809
810
811
812
813
814
815
816
817
818
819
820
821
822
823
824
825
826
827
828
829
830
831
832
833
834
835
836
837
838
839
840
841
842
843
844
845
846
847
848
849
850
851
852
853
854
855
856
857
858
859
860
861
862
863
864
865
866
867
868
869
870
871
872
873
874
875
876
877
878
879
880
881
882
883
884
885
886
887
888
889
890
891
892
893
894
895
896
897
898
899
900
901
902
903
904
905
906
907
908
909
910
911
912
913
914
915
916
917
918
919
920
921
922
923
924
925
926
927
928
929
930
931
932
933
934
935
936
937
938
939
940
941
942
943
944
945
946
947
948
949
950
951
952
953
954
955
956
957
958
959
960
961
962
963
964
965
966
967
968
969
970
971
972
973
974
975
976
977
978
979
980
981
982
983
984
985
986
987
988
989
990
991
992
993
994
995
996
997
998
999
1000
1001
1002
1003
1004
1005
1006
1007
1008
1009
1010
1011
1012
1013
1014
1015
1016
1017
1018
1019
1020
1021
1022
1023
1024
1025
1026
1027
1028
1029
1030
1031
1032
1033
1034
1035
1036
1037
1038
1039
1040
1041
1042
1043
1044
1045
1046
1047
1048
1049
1050
1051
1052
1053
1054
1055
1056
1057
1058
1059
1060
1061
1062
1063
1064
1065
1066
1067
1068
1069
1070
1071
1072
1073
1074
1075
1076
1077
1078
1079
1080
1081
1082
1083
1084
1085
1086
1087
1088
1089
1090
1091
1092
1093
1094
1095
1096
1097
1098
1099
1100
1101
1102
1103
1104
1105
1106
1107
1108
1109
1110
1111
1112
1113
1114
1115
1116
1117
1118
1119
1120
1121
1122
1123
1124
1125
1126
1127
1128
1129
1130
1131
1132
1133
1134
1135
1136
1137
1138
1139
1140
1141
1142
1143
1144
1145
1146
1147
1148
1149
1150
1151
1152
1153
1154
1155
1156
1157
1158
1159
1160
1161
1162
1163
1164
1165
1166
1167
1168
1169
1170
1171
1172
1173
1174
1175
1176
1177
1178
1179
1180
1181
1182
1183
1184
1185
1186
1187
1188
1189
1190
1191
1192
1193
1194
1195
1196
1197
1198
1199
1200
1201
1202
1203
1204
1205
1206
1207
1208
1209
1210
1211
1212
1213
1214
1215
1216
1217
1218
1219
1220
1221
1222
1223
1224
1225
1226
1227
1228
1229
1230
1231
1232
1233
1234
1235
1236
1237
1238
1239
1240
1241
1242
1243
1244
1245
1246
1247
1248
1249
1250
1251
1252
1253
1254
1255
1256
1257
1258
1259
1260
1261
1262
1263
1264
1265
1266
1267
1268
1269
1270
1271
1272
1273
1274
1275
1276
1277
1278
1279
1280
1281
1282
1283
1284
1285
1286
1287
1288
1289
1290
1291
1292
1293
1294
1295
1296
1297
1298
1299
1300
1301
1302
1303
1304
1305
1306
1307
1308
1309
1310
1311
1312
1313
1314
1315
1316
1317
1318
1319
1320
1321
1322
1323
1324
1325
1326
1327
1328
1329
1330
1331
1332
1333
1334
1335
1336
1337
1338
1339
1340
1341
1342
1343
1344
1345
1346
1347
1348
1349
1350
1351
1352
1353
1354
1355
1356
1357
1358
1359
1360
1361
1362
1363
1364
1365
1366
1367
1368
1369
1370
1371
1372
1373
1374
1375
1376
1377
1378
1379
1380
1381
1382
1383
1384
1385
1386
1387
1388
1389
1390
1391
1392
1393
1394
1395
1396
1397
1398
1399
1400
1401
1402
1403
1404
1405
1406
1407
1408
1409
1410
1411
1412
1413
1414
1415
1416
1417
1418
1419
1420
1421
1422
1423
1424
1425
1426
1427
1428
1429
1430
1431
1432
1433
1434
1435
1436
1437
1438
1439
1440
1441
1442
1443
1444
1445
1446
1447
1448
1449
1450
1451
1452
1453
1454
1455
1456
1457
1458
1459
1460
1461
1462
1463
1464
1465
1466
1467
1468
1469
1470
1471
1472
1473
1474
1475
1476
1477
1478
1479
1480
1481
1482
1483
1484
1485
1486
1487
1488
1489
1490
1491
1492
1493
1494
1495
1496
1497
1498
1499
1500
1501
1502
1503
1504
1505
1506
1507
1508
1509
1510
1511
1512
1513
1514
1515
1516
1517
1518
1519
1520
1521
1522
1523
1524
1525
1526
1527
1528
1529
1530
1531
1532
1533
1534
1535
1536
1537
1538
1539
1540
1541
1542
1543
1544
1545
1546
1547
1548
1549
1550
1551
1552
1553
1554
1555
1556
1557
1558
1559
1560
1561
1562
1563
1564
1565
1566
1567
1568
1569
1570
1571
1572
1573
1574
1575
1576
1577
1578
1579
1580
1581
1582
1583
1584
1585
1586
1587
1588
1589
1590
1591
1592
1593
1594
1595
1596
1597
1598
1599
1600
1601
1602
1603
1604
1605
1606
1607
1608
1609
1610
1611
1612
1613
1614
1615
1616
1617
1618
1619
1620
1621
1622
1623
1624
1625
1626
1627
1628
1629
1630
1631
1632
1633
1634
1635
1636
1637
1638
1639
1640
1641
1642
1643
1644
1645
1646
1647
1648
1649
1650
1651
1652
1653
1654
1655
1656
1657
1658
1659
1660
1661
1662
1663
1664
1665
1666
1667
1668
1669
1670
1671
1672
1673
1674
1675
1676
1677
1678
1679
1680
1681
1682
1683
1684
1685
1686
1687
1688
1689
1690
1691
1692
1693
1694
1695
1696
1697
1698
1699
1700
1701
1702
1703
1704
1705
1706
1707
1708
1709
1710
1711
1712
1713
1714
1715
1716
1717
1718
1719
1720
1721
1722
1723
1724
1725
1726
1727
1728
1729
1730
1731
1732
1733
1734
1735
1736
1737
1738
1739
1740
1741
1742
1743
1744
1745
1746
1747
1748
1749
1750
1751
1752
1753
1754
1755
1756
1757
1758
1759
1760
1761
1762
1763
1764
1765
1766
1767
1768
1769
1770
1771
1772
1773
1774
1775
1776
1777
1778
1779
1780
1781
1782
1783
1784
1785
1786
1787
1788
1789
1790
1791
1792
1793
1794
1795
1796
1797
1798
1799
1800
1801
1802
1803
1804
1805
1806
1807
1808
1809
1810
1811
1812
1813
1814
1815
1816
1817
1818
1819
1820
1821
1822
1823
1824
1825
1826
1827
1828
1829
1830
1831
1832
1833
1834
1835
1836
1837
1838
1839
1840
1841
1842
1843
1844
1845
1846
1847
1848
1849
1850
1851
1852
1853
1854
1855
1856
1857
1858
1859
1860
1861
1862
1863
1864
1865
1866
1867
1868
1869
1870
1871
1872
1873
1874
1875
1876
1877
1878
1879
1880
1881
1882
1883
1884
1885
1886
1887
1888
1889
1890
1891
1892
1893
1894
1895
1896
1897
1898
1899
1900
1901
1902
1903
1904
1905
1906
1907
1908
1909
1910
1911
1912
1913
1914
1915
1916
1917
1918
1919
1920
1921
1922
1923
1924
1925
1926
1927
1928
1929
1930
1931
1932
1933
1934
1935
1936
1937
1938
1939
1940
1941
1942
1943
1944
1945
1946
1947
1948
1949
1950
1951
1952
1953
1954
1955
1956
1957
1958
1959
1960
1961
1962
1963
1964
1965
1966
1967
1968
1969
1970
1971
1972
1973
1974
1975
1976
1977
1978
1979
1980
1981
1982
1983
1984
1985
1986
1987
1988
1989
1990
1991
1992
1993
1994
1995
1996
1997
1998
1999
2000
2001
2002
2003
2004
2005
2006
2007
2008
2009
2010
2011
2012
2013
2014
2015
2016
2017
2018
2019
2020
2021
2022
2023
2024
2025
2026
2027
2028
2029
2030
2031
2032
2033
2034
2035
2036
2037
2038
2039
2040
2041
2042
2043
2044
2045
2046
2047
2048
2049
2050
2051
2052
2053
2054
2055
2056
2057
2058
2059
2060
2061
2062
2063
2064
2065
2066
2067
2068
2069
2070
2071
2072
2073
2074
2075
2076
2077
2078
2079
2080
2081
2082
2083
2084
2085
2086
2087
2088
2089
2090
2091
2092
2093
2094
2095
2096
2097
2098
2099
2100
2101
2102
2103
2104
2105
2106
2107
2108
2109
2110
2111
2112
2113
2114
2115
2116
2117
2118
2119
2120
2121
2122
2123
2124
2125
2126
2127
2128
2129
2130
2131
2132
2133
2134
2135
2136
2137
2138
2139
2140
2141
2142
2143
2144
2145
2146
2147
2148
2149
2150
2151
2152
2153
2154
2155
2156
2157
2158
2159
2160
2161
2162
2163
2164
2165
2166
2167
2168
2169
2170
2171
2172
2173
2174
2175
2176
2177
2178
2179
2180
2181
2182
2183
2184
2185
2186
2187
2188
2189
2190
2191
2192
2193
2194
2195
2196
2197
2198
2199
2200
2201
2202
2203
2204
2205
2206
2207
2208
2209
2210
2211
2212
2213
2214
2215
2216
2217
2218
2219
2220
2221
2222
2223
2224
2225
2226
2227
2228
2229
2230
2231
2232
2233
2234
2235
2236
2237
2238
2239
2240
2241
2242
2243
2244
2245
2246
2247
2248
2249
2250
2251
2252
2253
2254
2255
2256
2257
2258
2259
2260
2261
2262
2263
2264
2265
2266
2267
2268
2269
2270
2271
2272
2273
2274
2275
2276
2277
2278
2279
2280
2281
2282
2283
2284
2285
2286
2287
2288
2289
2290
2291
2292
2293
2294
2295
2296
2297
2298
2299
2300
2301
2302
2303
2304
2305
2306
2307
2308
2309
2310
2311
2312
2313
2314
2315
2316
2317
2318
2319
2320
2321
2322
2323
2324
2325
2326
2327
2328
2329
2330
2331
2332
2333
2334
2335
2336
2337
2338
2339
2340
2341
2342
2343
2344
2345
2346
2347
2348
2349
2350
2351
2352
2353
2354
2355
2356
2357
2358
2359
2360
2361
2362
2363
2364
2365
2366
2367
2368
2369
2370
2371
2372
2373
2374
2375
2376
2377
2378
2379
2380
2381
2382
2383
2384
2385
2386
2387
2388
2389
2390
2391
2392
2393
2394
2395
2396
2397
2398
2399
2400
2401
2402
2403
2404
2405
2406
2407
2408
2409
2410
2411
2412
2413
2414
2415
2416
2417
2418
2419
2420
2421
2422
2423
2424
2425
2426
2427
2428
2429
2430
2431
2432
2433
2434
2435
2436
2437
2438
2439
2440
2441
2442
2443
2444
2445
2446
2447
2448
2449
2450
2451
2452
2453
2454
2455
2456
2457
2458
2459
2460
2461
2462
2463
2464
2465
2466
2467
2468
2469
2470
2471
2472
2473
2474
2475
2476
2477
2478
2479
2480
2481
2482
2483
2484
2485
2486
2487
2488
2489
2490
2491
2492
2493
2494
2495
2496
2497
2498
2499
2500
2501
2502
2503
2504
2505
2506
2507
2508
2509
2510
2511
2512
2513
2514
2515
2516
2517
2518
2519
2520
2521
2522
2523
2524
2525
2526
2527
2528
2529
2530
2531
2532
2533
2534
2535
2536
2537
2538
2539
2540
2541
2542
2543
2544
2545
2546
2547
2548
2549
2550
2551
2552
2553
2554
2555
2556
2557
2558
2559
2560
2561
2562
2563
2564
2565
2566
2567
2568
2569
2570
2571
2572
2573
2574
2575
2576
2577
2578
2579
2580
2581
2582
2583
2584
2585
2586
2587
2588
2589
2590
2591
2592
2593
2594
2595
2596
2597
2598
2599
2600
2601
2602
2603
2604
2605
2606
2607
2608
2609
2610
2611
2612
2613
2614
2615
2616
2617
2618
2619
2620
2621
2622
2623
2624
2625
2626
2627
2628
2629
2630
2631
2632
2633
2634
2635
2636
2637
2638
2639
2640
2641
2642
2643
2644
2645
2646
2647
2648
2649
2650
2651
2652
2653
2654
2655
2656
2657
2658
2659
2660
2661
2662
2663
2664
2665
2666
2667
2668
2669
2670
2671
2672
2673
2674
2675
2676
2677
2678
2679
2680
2681
2682
2683
2684
2685
2686
2687
2688
2689
2690
2691
2692
2693
2694
2695






p401 HIP ACTUAL VALUES
1.399811
0.853454
0.231194
-0.512632
-1.344822
-2.203007
-3.055189
-3.786992
-4.255413
-4.480180
-4.558564
-4.627995
-4.859323
-5.329273
-6.019420
-6.869755
-7.756096
-8.494261
-9.002941
-9.352167
-9.665363
-10.079154
-10.572521
-11.120484
-11.682764
-12.225594
-12.753333
-13.220631
-13.562630
-13.768394
-13.873407
-13.977575
-14.122969
-14.316589
-14.481740
-14.568600
-14.574112
-14.506111
-14.433921
-14.550257
-14.398671
-13.816300
-12.646756
-10.942652
-8.934018
-6.590804
-4.135616
-1.862446
0.358342
2.441091
4.609001
6.811705
8.920991
10.955078
12.941817
14.924358
16.930666
18.869660
20.580837
21.950192
22.946497
23.559847
23.760155
23.539176
22.869344
21.879713
20.840278
19.760303
18.548697
17.653169
17.113062
17.068959
17.510350
17.787187
16.861881
15.531332
14.476506
13.684474
12.952138
11.687360
9.775633
7.822388
6.227699
4.747202
3.325805
1.999894
0.670566
-0.662878
-2.037186
-3.403218
-4.771053
-6.125316
-7.381335
-8.497706
-9.482334
-10.440510
-11.445383
-12.451783
-13.352685
-14.080446
-14.645053
-15.090913
-15.494925
-15.916418
-16.364550
-16.867553
-17.320310
-17.502258
-17.292811
-16.909442
-16.683536
-16.249224
-15.395056
-13.738368
-11.426223
-8.528059
-5.481773
-2.718443
-0.324540
1.975838
4.280018
6.704640
9.225577
11.555895
13.561282
15.186351
16.500067
17.597406
18.564740
19.500243
20.361108
20.917207
21.105951
20.880386
20.206997
19.278092
18.292118
17.494592
17.048178
16.892428
16.954135
17.259979
17.779497
17.476536
15.869385
14.263241
13.022885
12.047017
11.239377
9.626689
7.495430
5.482064
3.753911
2.316616
1.001124
-0.198673
-1.412463
-2.702073
-4.076753
-5.538214
-7.078223
-8.646627
-10.088298
-11.268733
-12.200260
-13.090904
-13.997231
-14.839818
-15.547969
-16.085503
-16.523622
-17.038640
-17.600347
-18.121791
-18.556309
-18.837775
-18.886494
-18.669245
-18.734804
-18.798899
-18.614137
-17.531430
-15.666209
-13.106038
-10.215431
-7.311373
-4.636063
-2.218895
0.217920
2.919566
5.753819
8.554378
11.128507
13.325826
15.098092
16.480484
17.642761
18.741415
19.709767
20.449356
20.799246
20.559452
19.783993
18.831238
18.003837
17.217811
17.008528
17.183429
17.550566
18.262530
19.006138
18.953303
17.433122
15.769197
14.441336
13.322221
12.129453
10.100882
7.577214
5.239985
3.468416
2.012851
0.632048
-0.673246
-1.901427
-3.127622
-4.502535
-6.054760
-7.658267
-9.175600
-10.482348
-11.543144
-12.320424
-13.038745
-13.816515
-14.589134
-15.279177
-15.809880
-16.255158
-16.711694
-17.170024
-17.587725
-17.891072
-18.122163
-18.213471
-18.297788
-18.403184
-18.185624
-17.144545
-15.338957
-12.906900
-10.021498
-7.074624
-4.382646
-1.893889
0.619193
3.274161
6.033747
8.798515
11.395601
13.584955
15.189951
16.392821
17.330001
18.112754
18.900528
19.602988
19.916734
19.689038
19.114080
18.596848
18.196773
17.688097
17.202867
17.234752
17.605383
18.278462
19.056572
18.768770
17.137234
15.702652
14.784092
14.220969
13.027842
10.659953
8.237373
6.312217
4.825320
3.404920
2.102288
0.865634
-0.414364
-1.785387
-3.281133
-4.847850
-6.419918
-8.043546
-9.625993
-11.057127
-12.293807
-13.510948
-14.730117
-15.806867
-16.654019
-17.264442
-17.736023
-18.201748
-18.685713
-19.129258
-19.456575
-19.627987
-19.957740
-20.032184
-19.771491
-18.861228
-17.312537
-15.180910
-12.651943
-9.973150
-7.283123
-4.644836
-2.004138
0.742002
3.461233
6.085857
8.648287
10.998876
12.971830
14.554527
16.045150
17.502520
18.794732
19.832868
20.498243
20.632167
20.220142
19.475006
18.747213
18.205895
17.589162
17.137381
16.966972
17.008197
17.513779
18.194456
18.080808
16.511176
14.855468
13.257879
11.844871
10.601516
8.478107
6.117922
4.143895
2.752435
1.594337
0.453759
-0.700706
-1.939537
-3.305175
-4.814045
-6.443354
-8.128283
-9.742899
-11.194641
-12.411987
-13.445141
-14.415022
-15.336664
-16.153967
-16.752244
-17.175835
-17.542119
-17.966781
-18.486874
-19.000364
-19.359145
-19.491230
-19.344457
-19.196420
-18.983055
-18.586713
-17.639082
-16.013341
-13.848153
-11.132272
-8.242880
-5.461175
-2.880083
-0.364896
2.256956
4.936260
7.589982
10.102574
12.204205
13.892618
15.201527
16.238737
17.163878
18.022451
18.694739
19.099090
19.082057
18.500944
17.815845
17.152395
16.586504
16.041495
15.912780
16.053219
16.606916
17.633837
18.577876
18.159174
16.539743
15.110597
13.953894
13.113290
11.887510
9.763624
7.443692
5.414242
3.856034
2.481906
1.121144
-0.186635
-1.444897
-2.704929
-4.079872
-5.600823
-7.204149
-8.788598
-10.258874
-11.496292
-12.519243
-13.465490
-14.404333
-15.240747
-15.927491
-16.457663
-16.907871
-17.357520
-17.885423
-18.467799
-18.987609
-19.255525
-19.242790
-19.094138
-19.103169
-18.921460
-18.322622
-16.921673
-15.024102
-12.530574
-9.729079
-6.914869
-4.379951
-2.020514
0.464568
3.167718
5.929531
8.664979
11.161392
13.319463
15.087206
16.570268
17.876755
19.059534
20.106545
20.870623
21.282752
21.201898
20.693840
20.057731
19.625366
19.157463
18.431570
17.767735
17.362649
17.550838
18.186690
18.644235
17.558515
15.475501
14.038583
13.040962
12.366653
11.167980
9.079741
6.751375
4.778363
3.272311
1.861810
0.563269
-0.677382
-2.016866
-3.436696
-4.956186
-6.586163
-8.255980
-9.936939
-11.548441
-12.960281
-14.226170
-15.407226
-16.478690
-17.350319
-17.968210
-18.398969
-18.726851
-19.112199
-19.545472
-19.900726
-20.067151
-20.063284
-20.083612
-19.779566
-19.197047
-18.102221
-16.518070
-14.478512
-12.031885
-9.289931
-6.469382
-3.821158
-1.244927
1.382049
3.981869
6.517460
8.967610
11.176039
13.051346
14.603048
16.007371
17.326476
18.489037
19.383565
19.902424
19.980931
19.576644
18.746962
17.739481
16.846151
16.056563
15.804809
15.779277
15.984502
16.786981
17.596442
17.095620
16.259290
15.270900
14.322874
13.488319
11.920313
9.590893
7.283158
5.282709
3.638546
2.203862
0.873517
-0.353771
-1.581192
-2.887401
-4.327406
-5.983295
-7.782976
-9.517521
-11.072360
-12.424132
-13.590270
-14.680735
-15.758794
-16.770256
-17.538908
-17.980766
-18.245917
-18.536007
-18.955096
-19.441032
-19.903336
-20.239887
-20.304034
-20.379858
-19.975169
-19.638626
-18.562507
-16.960178
-14.850206
-12.259648
-9.382486
-6.548112
-3.974645
-1.449076
1.255246
4.035236
6.807994
9.452321
11.712912
13.627247
15.180544
16.535125
17.740016
18.864606
19.780947
20.333003
20.426937
20.066844
19.389358
18.565820
17.775693
16.951575
16.291893
16.200723
16.473135
17.155408
17.959473
17.498614
16.220772
15.346230
14.804330
14.452210
12.910983
10.292825
7.912279
6.046058
4.448358
2.927809
1.572859
0.361779
-0.937557
-2.361239
-4.032978
-5.876522
-7.736320
-9.538968
-11.195019
-12.589016
-13.733253
-14.799551
-15.813132
-16.742381
-17.536926
-18.156321
-18.674873
-19.189909
-19.718680
-20.132635
-20.367440
-20.426636
-20.189300
-19.803556
-19.660703
-19.363902
-18.616904
-16.834044
-14.328373
-11.291984
-8.197503
-5.388233
-2.856687
-0.425593
1.998662
4.616529
7.387428
10.103116
12.340110
13.984266
15.299063
16.463155
17.589428
18.748596
19.802541
20.491322
20.581248
20.127610
19.419036
18.769267
18.257279
17.732635
17.556467
17.599249
17.913929
18.632700
19.302991
18.450279
16.983176
15.834867
15.065003
14.440903
12.740515
10.329936
8.087351
6.324795
4.942237
3.584895
2.200809
0.881555
-0.500493
-1.986820
-3.631683
-5.383228
-7.124930
-8.834112
-10.453114
-11.877696
-13.114259
-14.209861
-15.234701
-16.091061
-16.691364
-17.109907
-17.467439
-17.914352
-18.518686
-19.232899
-19.862986
-20.188253
-20.125485
-20.110919
-20.090605
-19.989283
-19.335531
-18.038158
-16.282192
-13.951752
-11.266298
-8.470586
-5.853236
-3.447712
-0.926964
1.667966
4.224528
6.712508
9.076262
11.146746
12.976676
14.583586
16.075797
17.447456
18.575657
19.337130
19.718849
19.692189
19.135476
18.568637
17.897056
17.362520
16.720261
16.321392
16.171100
16.278580
16.919210
17.343272
16.474418
15.551393
14.926429
14.593371
14.281201
12.636054
10.135420
7.829316
6.030318
4.583072
3.272320
2.009072
0.821184
-0.404939
-1.681656
-3.104725
-4.759776
-6.460769
-8.020343
-9.427192
-10.676552
-11.790772
-12.866896
-14.009688
-15.180603
-16.221377
-17.025079
-17.572265
-17.920944
-18.283199
-18.811865
-19.435226
-19.952298
-20.228275
-20.160264
-19.839811
-19.771294
-19.530808
-19.024009
-17.708595
-15.756030
-13.108926
-10.121002
-7.173252
-4.619785
-2.355510
-0.086331
2.411578
5.134319
7.922251
10.502022
12.711592
14.423320
15.777367
17.047502
18.308064
19.553116
20.605322
21.273820
21.503999
21.254128
20.643493
19.858715
19.112222
18.342228
17.875564
17.513194
17.452294
17.958931
18.372405
17.052261
15.657736
14.544176
13.610671
12.663042
10.730473
8.306087
5.914850
3.865808
2.272375
0.917667
-0.184421
-1.215035
-2.388972
-3.732168
-5.179653
-6.745860
-8.412595
-10.013155
-11.372958
-12.443322
-13.401045
-14.328013
-15.216009
-16.043182
-16.769647
-17.436666
-18.004877
-18.539564
-19.009028
-19.376848
-19.633552
-19.707738
-19.806409
-19.954073
-19.938236
-19.433540
-18.304214
-16.745982
-14.682073
-12.249560
-9.644695
-7.077764
-4.684189
-2.247560
0.304301
2.821009
5.321271
7.765664
9.903326
11.706189
13.237976
14.698588
16.145602
17.502826
18.655284
19.492277
19.969970
20.054428
19.699112
19.002154
18.212764
17.542767
17.171646
16.826483
16.871329
17.228238
17.978716
18.735996
18.259461
16.833550
15.533319
14.700541
14.409545
13.742395
11.640704
9.282221
7.342576
5.888012
4.496835
3.117884
1.841766
0.603453
-0.725223
-2.224632
-3.896195
-5.618447
-7.298561
-8.862064
-10.261192
-11.447813
-12.564002
-13.765994
-15.017106
-16.110019
-16.951450
-17.470688
-17.746603
-17.947325
-18.219677
-18.508859
-18.715471
-18.809899
-18.701606
-18.773922
-18.885410
-18.956181
-18.547237
-17.514696
-16.095843
-14.119760
-11.650884
-8.882223
-6.083686
-3.460118
-0.863604
1.705431
4.153238
6.523243
8.847519
10.954188
12.805329
14.379629
15.754543
16.964832
18.019462
18.828102
19.304145
19.435449
19.170806
18.524753
17.606721
16.709898
15.954382
15.340674
15.135047
15.187257
15.567477
16.344811
16.751893
15.689822
14.490671
13.386681
12.424404
11.582332
9.817374
7.480188
5.220958
3.398991
2.063988
0.894726
-0.194716
-1.070514
-1.926481
-2.943111
-4.180820
-5.673060
-7.322091
-8.912458
-10.261531
-11.316055
-12.153675
-12.863921
-13.587670
-14.315187
-14.970118
-15.483529
-15.833969
-16.070163
-16.306449
-16.619761
-16.945587
-17.214287
-17.395882
-17.437091
-17.291946
-17.210659
-17.253191
-17.318616
-16.992325
-15.760385
-13.944697
-11.438585
-8.781073
-6.368196
-4.246698
-2.259160
-0.211377
1.977654
4.241021
6.421381
8.336782
9.839732
10.850109
11.542271
12.188349
12.931718
13.650753
14.134353
14.244334
13.867805
13.130946
12.281692
11.516838
10.779200
10.110203
9.522501
9.214340
9.288852
9.603194
9.532050
8.244145
6.812447
5.941328
5.735794
5.570221
5.132459
4.460620
3.666511
2.722413
1.775789
0.865860
-0.108472
-1.182412
-2.193057
-3.152938
-3.862082
-4.481896
-5.037411
-5.604333
-6.197429
-6.841874
-7.510942
-8.193229
-8.694846
-9.362913
-10.059110
-10.797683
-11.540863
-12.146770
-12.567850
-12.820825
-12.987595
-13.116840
-13.239946
-13.350633
-13.373611
-13.473140
-13.614037
-13.773026
-13.943203
-14.090396
-14.144928
-14.080329
-13.931872
-13.717950
-13.490042
-13.149280
-12.522633
-11.546494
-9.940245
-8.145537
-6.043362
-4.059059
-2.029549
-0.006351
2.030300
3.950867
5.768068
7.442902
9.024298
10.528007
11.806250
12.971521
14.074565
14.985388
15.689906
16.175329
16.387028
16.270191
15.846854
15.324981
14.853525
14.320165
13.632256
12.940198
12.309731
11.990568
11.927899
11.562323
10.597269
10.157813
10.052264
9.259642
7.704725
5.953910
4.278326
2.696748
1.310006
0.122406
-0.973660
-2.106706
-3.247562
-4.327246
-5.458660
-6.671461
-7.913961
-9.202343
-10.294928
-11.222040
-12.103690
-12.986372
-13.912289
-14.793304
-15.580509
-16.250049
-16.765453
-17.089452
-17.296122
-17.577206
-18.141624
-18.632984
-18.990253
-19.131402
-19.127296
-19.322827
-19.658559
-19.845210
-19.551250
-18.600706
-17.322773
-15.719779
-13.848474
-11.611736
-9.126495
-6.664758
-4.254120
-1.785840
0.635753
2.829144
5.000241
7.105725
9.096635
11.006605
12.755787
14.134594
15.470297
16.469796
17.486525
18.213031
18.716634
18.977386
18.966670
18.632791
17.916863
17.203557
16.681770
16.282070
15.895104
15.792067
16.020253
16.499078
16.663224
15.578316
14.388493
13.507870
13.029256
12.964114
11.877325
9.648823
7.418962
5.629891
4.193077
2.711207
1.396540
0.187969
-0.959121
-2.186205
-3.511541
-4.980974
-6.566324
-8.105735
-9.527636
-10.756303
-11.813071
-12.798115
-13.857767
-14.967445
-15.969024
-16.720729
-17.234962
-17.680387
-18.191705
-18.695805
-19.133983
-19.482554
-19.745270
-19.850988
-19.946853
-19.821248
-19.593721
-18.813716
-17.352267
-15.311120
-12.745468
-9.925699
-7.002476
-4.483897
-2.177502
0.273166
2.905003
5.546826
8.044842
10.196154
12.024162
13.525564
14.776673
15.861649
16.751366
17.295677
17.499473
17.336249
16.737749
15.927035
14.938814
14.066747
13.495670
13.564095
13.719978
14.074342
15.071547
15.688255
15.315974
14.360654
13.217093
12.227051
11.028283
9.150448
6.924851
4.685056
2.837932
1.495918
0.320291
-0.750040
-1.634833
-2.585070
-3.742873
-5.109179
-6.688295
-8.378577
-9.959066
-11.320971
-12.392030
-13.292111
-14.157794
-14.991634
-15.757068
-16.441492
-17.010784
-17.497523
-17.971819
-18.395442
-18.734552
-18.978311
-19.156786
-19.199358
-19.366157
-19.351711
-19.210406
-18.432365
-16.715530
-14.803562
-12.759520
-10.127895
-7.355146
-4.839105
-2.434192
0.069411
2.626248
5.170025
7.471314
9.616039
11.323574
12.765864
14.068805
15.258123
16.358872
17.224810
17.749552
17.866841
17.576429
16.929448
16.047529
15.193249
14.627366
14.578480
14.689032
14.726368
15.232671
15.983703
15.655124
14.881175
14.388914
14.193301
14.177523
13.178438
11.056000
8.744359
6.839661
5.108716
3.688224
2.427871
1.293721
0.316122
-0.707073
-1.859927
-3.181394
-4.752999
-6.311567
-7.735014
-8.997271
-10.065585
-11.016460
-11.980847
-13.002836
-14.032606
-14.939818
-15.572745
-16.009937
-16.340040
-16.662186
-17.051688
-17.460066
-17.805943
-18.014522
-18.008124
-17.966024
-18.207254
-18.582371
-18.808336
-18.144068
-17.123827
-15.319424
-13.051892
-10.494133
-7.825079
-5.471397
-3.285235
-1.047766
1.480818
4.101864
6.668892
9.030996
11.068386
12.918790
14.606827
16.045271
17.567008
18.715113
19.529641
19.999638
19.971781
19.839056
19.311836
18.704001
18.026061
17.461541
17.236389
17.101680
17.304175
17.975617
18.202041
17.163961
16.076926
15.316397
14.499387
13.236673
11.319355
9.149156
7.019520
5.123335
3.553764
2.115862
0.825111
-0.327463
-1.492667
-2.631479
-3.920464
-5.370035
-6.858062
-8.303198
-9.536969
-10.752103
-11.761272
-12.753276
-13.769070
-14.735989
-15.611410
-16.276998
-16.779255
-17.185354
-17.531420
-17.847730
-18.104038
-18.279825
-18.349084
-18.600352
-18.838977
-18.896085
-18.412007
-17.258456
-15.709412
-13.566675
-11.090873
-8.489357
-5.840670
-3.538294
-1.233595
1.351031
4.000634
6.605872
9.008969
11.053370
12.900964
14.549241
16.060461
17.288266
18.572750
19.429524
19.981885
20.151074
19.932976
19.433687
18.719211
18.038053
17.239748
16.560263
16.033132
15.841193
16.401829
16.445515
16.261934
15.802984
15.611461
15.372441
13.930000
11.517429
8.993869
6.746641
5.049665
3.680263
2.436313
1.266439
0.258972
-0.739877
-1.898374
-3.272954
-4.874997
-6.433792
-7.940263
-9.321243
-10.550536
-11.674907
-12.796300
-13.959303
-15.023864
-15.868853
-16.444676
-16.810520
-17.177577
-17.591156
-18.015069
-18.394573
-18.654506
-18.743853
-18.867354
-19.075201
-19.001006
-18.458303
-17.165000
-15.400734
-13.027490
-10.305833
-7.602871
-5.123441
-2.772746
-0.216233
2.467249
5.133069
7.660593
9.849617
11.754017
13.278228
14.689378
16.254123
17.569994
18.737359
19.567434
19.818585
19.857394
19.241477
18.240840
17.297289
16.538574
16.000166
15.884550
15.940571
16.475941
17.071821
17.398202
16.270920
15.227443
14.538727
14.064177
12.766107
10.439806
7.990768
5.882947
4.301599
3.046198
1.898530
0.918408
-0.025883
-1.205770
-2.649223
-4.285929
-6.048819
-7.803164
-9.404930
-10.802162
-11.967664
-13.049208
-14.125932
-15.244127
-16.290512
-17.140469
-17.796148
-18.287421
-18.715386
-19.157550
-19.637450
-20.143258
-20.576197
-20.983173
-20.900760
-20.321367
-19.215906
-17.930313
-16.268934
-14.270896
-11.792062
-9.309877
-6.775652
-4.203742
-1.608359
0.801361
3.114486
5.320225
7.433865
9.289415
11.060171
12.740418
14.335904
15.790791
16.941743
17.690160
18.059225
18.082614
17.739176
17.008607
16.090756
15.342798
14.903002
14.994962
15.198921
15.497842
16.248811
17.093233
16.773934
15.604561
14.431210
13.455550
12.986732
12.630619
11.151449
8.971753
6.762727
5.030783
3.612305
2.252520
0.935935
-0.225038
-1.377499
-2.590249
-3.915859
-5.389058
-6.975583
-8.561194
-10.010123
-11.299821
-12.434753
-13.486804
-14.519952
-15.482038
-16.327872
-17.016163
-17.545567
-17.967769
-18.398247
-18.883780
-19.347011
-19.688555
-19.855967
-19.829018
-19.784025
-19.714976
-19.346560
-18.342720
-16.855226
-14.751472
-12.106224
-9.178388
-6.341948
-3.779818
-1.331672
1.180417
3.673495
6.114540
8.250792
10.223320
11.798521
12.903457
14.116304
15.222834
16.256501
17.084162
17.620159
17.775778
17.555054
16.979638
16.101034
15.134537
14.480346
14.402431
14.712815
15.156932
15.955426
16.916152
17.395131
16.801970
15.213842
13.592623
12.511192
12.100810
11.904645
10.697990
8.531148
6.361526
4.689962
3.398663
1.938090
0.596939
-0.661263
-2.002633
-3.435513
-4.915688
-6.468170
-8.041977
-9.562604
-10.955530
-12.159790
-13.234625
-14.261873
-15.264673
-16.201414
-17.026569
-17.745578
-18.407247
-19.007865
-19.555925
-19.949836
-20.074119
-19.817590
-19.549440
-19.030005
-18.346427
-17.207320
-15.296953
-12.745306
-9.735455
-6.896212
-4.109530
-1.652078
0.798113
3.230285
5.752361
8.337258
10.699259
12.686155
14.145148
15.480292
16.483797
17.427579
18.398082
19.272997
19.881210
20.017444
19.691908
19.016446
18.102929
17.395249
16.703700
16.390075
16.213422
16.283510
16.765983
17.219561
16.409089
14.630671
13.002938
12.151330
11.945233
11.322189
9.397358
7.087879
5.259084
3.971000
2.645190
1.483248
0.477724
-0.695303
-2.085485
-3.570475
-5.119857
-6.676871
-8.240197
-9.718849
-11.024329
-12.190928
-13.302010
-14.374287
-15.415967
-16.356279
-17.170796
-17.872363
-18.350445
-18.895110
-19.276560
-19.576338
-19.751212
-19.897707
-19.907075
-19.606114
-18.916248
-17.497091
-15.484516
-12.932152
-10.075066
-7.081674
-4.340557
-1.823578
0.744202
3.407966
6.204371
8.919496
11.214120
13.103223
14.596685
15.834991
16.991865
18.027408
18.861114
19.370103
19.454653
19.024980
18.200178
17.321747
16.742221
16.461170
16.650956
17.024913
17.601231
18.517145
19.320384
19.399104
18.142896
15.924486
14.195541
13.580814
13.212220
11.630560
10.089031
7.794413
6.000611
4.492204
2.909127
1.425575
0.049129
-1.379982
-2.906623
-4.475977
-6.059202
-7.668045
-9.290291
-10.739954
-11.852318
-12.792752
-13.696275
-14.553469
-15.328396
-16.042814
-16.748876
-17.474358
-18.163722
-18.842662
-19.384714
-19.696658
-19.754343
-19.613969
-19.693791
-19.647106
-19.074474
-17.696757
-15.564550
-12.762858
-9.928749
-7.112920
-4.818953
-2.586223
-0.080098
2.632554
5.471309
8.281979
10.801112
13.008583
14.762117
16.107449
17.216901
18.245417
19.148940
19.793303
20.060338
19.838116
19.169247
18.364400
17.657203
16.850575
16.369670
16.251228
16.546091
17.446980
18.045728
16.796085
15.447706
14.826711
14.654297
13.850870
11.435716
8.596467
6.211862
4.395868
2.840162
1.428429
0.220783
-0.911349
-2.143335
-3.560901
-5.150364
-6.850599
-8.578941
-10.260490
-11.725407
-12.961772
-14.095317
-15.201652
-16.219388
-17.109680
-17.858548
-18.544218
-19.299845
-20.117978
-20.905752
-21.572128
-21.948360
-22.051723
-21.907015
-21.605370
-20.686684
-19.199104
-17.200476
-14.633490
-11.828659
-9.096970
-6.513332
-3.976819
-1.336920
1.493458
4.433356
7.283212
9.817032
12.030201
13.842295
15.355846
16.776403
18.075815
19.197090
19.981581
20.344824
20.138950
19.484706
18.899222
18.718818
18.476102
18.266511
18.040464
18.000369
18.551165
19.295143
18.441757
17.193826
16.105011
15.313020
14.345159
12.228840
9.641079
7.260995
5.353014
3.894406
2.578133
1.366649
0.257015
-0.958496
-2.327082
-3.891530
-5.558358
-7.235741
-8.841993
-10.278374
-11.445619
-12.434077
-13.436821
-14.470048
-15.396834
-16.155850
-16.738696
-17.279892
-17.940421
-18.621550
-19.239596
-19.716355
-19.974001
-20.093766
-20.076881
-19.861188
-19.345694
-18.175700
-16.490135
-14.141045
-11.454437
-8.723442
-6.145681
-3.805422
-1.350815
1.357656
4.163415
6.838235
9.459448
11.543027
13.251699
14.642795
15.828113
16.949555
17.921272
18.617219
18.972128
18.876131
18.350728
17.712929
17.275323
16.904063
16.409702
16.115915
16.010829
16.450912
17.365205
17.298602
16.236532
15.262049
14.452667
13.650292
11.969525
9.687925
7.520683
5.587712
4.011069
2.637430
1.379753
0.284258
-0.851808
-2.162779
-3.652051
-5.242864
-6.792872
-8.378274
-9.900898
-11.211782
-12.354535
-13.485494
-14.626107
-15.723045
-16.726737
-17.613866
-18.378158
-19.056988
-19.636370
-20.127364
-20.506451
-20.639875
-20.876961
-20.889133
-20.638523
-19.820869
-18.335547
-16.342369
-13.892754
-11.217121
-8.574558
-6.074587
-3.745348
-1.314490
1.339720
4.098062
6.802545
9.309938
11.313426
13.105155
14.520171
15.802149
16.966256
17.889668
18.556828
18.964785
18.990273
18.563188
17.921461
17.397832
17.000362
16.662406
16.740076
17.123131
17.803763
18.743521
19.380075
18.534320
16.527213
14.854210
13.970807
13.598511
12.923625
11.083117
8.687713
6.619343
5.131421
3.745883
2.280973
0.969709
-0.192791
-1.385826
-2.667345
-4.111768
-5.613095
-7.104360
-8.504466
-9.698781
-10.693282
-11.604238
-12.523485
-13.382219
-14.206955
-14.971333
-15.628416
-16.242313
-16.837441
-17.283151
-17.596221
-17.647077
-17.532294
-16.956065
-16.447136
-16.115931
-16.171469
-15.726116
-14.513565
-12.571108
-10.224590
-7.838376
-5.560085
-3.331548
-1.198268
0.902771
3.007493
5.148761
7.148689
8.819085
9.933871
10.643914
11.016177
11.585673
12.090434
12.564815
12.881615
12.851796
12.442577
11.778676
11.037824
10.295412
9.608884
9.133690
8.917587
8.851164
8.910702
9.072945
9.068906
8.403976
7.460110
6.461313
5.472978
4.568692
3.739117
2.740718
1.541846
0.286250
-0.838661
-1.775897
-2.542791
-3.149370
-3.689326
-4.263287
-4.931833
-5.658973
-6.397531
-7.179929
-7.993465
-8.763309
-9.485663
-10.162002
-10.776280
-11.337957
-11.858871
-12.335193
-12.785743
-13.213066
-13.530827
-13.648999
-13.510895
-13.094623
-12.185752
-11.272927
-10.231777
-9.261603
-8.115282
-6.692522
-4.929460
-3.019047
-1.062506
1.098549
3.292882
5.116768
6.647966
7.958253
8.977144
