





p402 HIP CALC ROWS
401
402
403
404
405
406
407
408
409
410
411
412
413
414
415
416
417
418
419
420
421
422
423
424
425
426
427
428
429
430
431
432
433
434
435
436
437
438
439
440
441
442
443
444
445
446
447
448
449
450
451
452
453
454
455
456
457
458
459
460
461
462
463
464
465
466
467
468
469
470
471
472
473
474
475
476
477
478
479
480
481
482
483
484
485
486
487
488
489
490
491
492
493
494
495
496
497
498
499
500
501
502
503
504
505
506
507
508
509
510
511
512
513
514
515
516
517
518
519
520
521
522
523
524
525
526
527
528
529
530
531
532
533
534
535
536
537
538
539
540
541
542
543
544
545
546
547
548
549
550
551
552
553
554
555
556
557
558
559
560
561
562
563
564
565
566
567
568
569
570
571
572
573
574
575
576
577
578
579
580
581
582
583
584
585
586
587
588
589
590
591
592
593
594
595
596
597
598
599
600
601
602
603
604
605
606
607
608
609
610
611
612
613
614
615
616
617
618
619
620
621
622
623
624
625
626
627
628
629
630
631
632
633
634
635
636
637
638
639
640
641
642
643
644
645
646
647
648
649
650
651
652
653
654
655
656
657
658
659
660
661
662
663
664
665
666
667
668
669
670
671
672
673
674
675
676
677
678
679
680
681
682
683
684
685
686
687
688
689
690
691
692
693
694
695
696
697
698
699
700
701
702
703
704
705
706
707
708
709
710
711
712
713
714
715
716
717
718
719
720
721
722
723
724
725
726
727
728
729
730
731
732
733
734
735
736
737
738
739
740
741
742
743
744
745
746
747
748
749
750
751
752
753
754
755
756
757
758
759
760
761
762
763
764
765
766
767
768
769
770
771
772
773
774
775
776
777
778
779
780
781
782
783
784
785
786
787
788
789
790
791
792
793
794
795
796
797
798
799
800
801
802
803
804
805
806
807
808
809
810
811
812
813
814
815
816
817
818
819
820
821
822
823
824
825
826
827
828
829
830
831
832
833
834
835
836
837
838
839
840
841
842
843
844
845
846
847
848
849
850
851
852
853
854
855
856
857
858
859
860
861
862
863
864
865
866
867
868
869
870
871
872
873
874
875
876
877
878
879
880
881
882
883
884
885
886
887
888
889
890
891
892
893
894
895
896
897
898
899
900
901
902
903
904
905
906
907
908
909
910
911
912
913
914
915
916
917
918
919
920
921
922
923
924
925
926
927
928
929
930
931
932
933
934
935
936
937
938
939
940
941
942
943
944
945
946
947
948
949
950
951
952
953
954
955
956
957
958
959
960
961
962
963
964
965
966
967
968
969
970
971
972
973
974
975
976
977
978
979
980
981
982
983
984
985
986
987
988
989
990
991
992
993
994
995
996
997
998
999
1000
1001
1002
1003
1004
1005
1006
1007
1008
1009
1010
1011
1012
1013
1014
1015
1016
1017
1018
1019
1020
1021
1022
1023
1024
1025
1026
1027
1028
1029
1030
1031
1032
1033
1034
1035
1036
1037
1038
1039
1040
1041
1042
1043
1044
1045
1046
1047
1048
1049
1050
1051
1052
1053
1054
1055
1056
1057
1058
1059
1060
1061
1062
1063
1064
1065
1066
1067
1068
1069
1070
1071
1072
1073
1074
1075
1076
1077
1078
1079
1080
1081
1082
1083
1084
1085
1086
1087
1088
1089
1090
1091
1092
1093
1094
1095
1096
1097
1098
1099
1100
1101
1102
1103
1104
1105
1106
1107
1108
1109
1110
1111
1112
1113
1114
1115
1116
1117
1118
1119
1120
1121
1122
1123
1124
1125
1126
1127
1128
1129
1130
1131
1132
1133
1134
1135
1136
1137
1138
1139
1140
1141
1142
1143
1144
1145
1146
1147
1148
1149
1150
1151
1152
1153
1154
1155
1156
1157
1158
1159
1160
1161
1162
1163
1164
1165
1166
1167
1168
1169
1170
1171
1172
1173
1174
1175
1176
1177
1178
1179
1180
1181
1182
1183
1184
1185
1186
1187
1188
1189
1190
1191
1192
1193
1194
1195
1196
1197
1198
1199
1200
1201
1202
1203
1204
1205
1206
1207
1208
1209
1210
1211
1212
1213
1214
1215
1216
1217
1218
1219
1220
1221
1222
1223
1224
1225
1226
1227
1228
1229
1230
1231
1232
1233
1234
1235
1236
1237
1238
1239
1240
1241
1242
1243
1244
1245
1246
1247
1248
1249
1250
1251
1252
1253
1254
1255
1256
1257
1258
1259
1260
1261
1262
1263
1264
1265
1266
1267
1268
1269
1270
1271
1272
1273
1274
1275
1276
1277
1278
1279
1280
1281
1282
1283
1284
1285
1286
1287
1288
1289
1290
1291
1292
1293
1294
1295
1296
1297
1298
1299
1300
1301
1302
1303
1304
1305
1306
1307
1308
1309
1310
1311
1312
1313
1314
1315
1316
1317
1318
1319
1320
1321
1322
1323
1324
1325
1326
1327
1328
1329
1330
1331
1332
1333
1334
1335
1336
1337
1338
1339
1340
1341
1342
1343
1344
1345
1346
1347
1348
1349
1350
1351
1352
1353
1354
1355
1356
1357
1358
1359
1360
1361
1362
1363
1364
1365
1366
1367
1368
1369
1370
1371
1372
1373
1374
1375
1376
1377
1378
1379
1380
1381
1382
1383
1384
1385
1386
1387
1388
1389
1390
1391
1392
1393
1394
1395
1396
1397
1398
1399
1400
1401
1402
1403
1404
1405
1406
1407
1408
1409
1410
1411
1412
1413
1414
1415
1416
1417
1418
1419
1420
1421
1422
1423
1424
1425
1426
1427
1428
1429
1430
1431
1432
1433
1434
1435
1436
1437
1438
1439
1440
1441
1442
1443
1444
1445
1446
1447
1448
1449
1450
1451
1452
1453
1454
1455
1456
1457
1458
1459
1460
1461
1462
1463
1464
1465
1466
1467
1468
1469
1470
1471
1472
1473
1474
1475
1476
1477
1478
1479
1480
1481
1482
1483
1484
1485
1486
1487
1488
1489
1490
1491
1492
1493
1494
1495
1496
1497
1498
1499
1500
1501
1502
1503
1504
1505
1506
1507
1508
1509
1510
1511
1512
1513
1514
1515
1516
1517
1518
1519
1520
1521
1522
1523
1524
1525
1526
1527
1528
1529
1530
1531
1532
1533
1534
1535
1536
1537
1538
1539
1540
1541
1542
1543
1544
1545
1546
1547
1548
1549
1550
1551
1552
1553
1554
1555
1556
1557
1558
1559
1560
1561
1562
1563
1564
1565
1566
1567
1568
1569
1570
1571
1572
1573
1574
1575
1576
1577
1578
1579
1580
1581
1582
1583
1584
1585
1586
1587
1588
1589
1590
1591
1592
1593
1594
1595
1596
1597
1598
1599
1600
1601
1602
1603
1604
1605
1606
1607
1608
1609
1610
1611
1612
1613
1614
1615
1616
1617
1618
1619
1620
1621
1622
1623
1624
1625
1626
1627
1628
1629
1630
1631
1632
1633
1634
1635
1636
1637
1638
1639
1640
1641
1642
1643
1644
1645
1646
1647
1648
1649
1650
1651
1652
1653
1654
1655
1656
1657
1658
1659
1660
1661
1662
1663
1664
1665
1666
1667
1668
1669
1670
1671
1672
1673
1674
1675
1676
1677
1678
1679
1680
1681
1682
1683
1684
1685
1686
1687
1688
1689
1690
1691
1692
1693
1694
1695
1696
1697
1698
1699
1700
1701
1702
1703
1704
1705
1706
1707
1708
1709
1710
1711
1712
1713
1714
1715
1716
1717
1718
1719
1720
1721
1722
1723
1724
1725
1726
1727
1728
1729
1730
1731
1732
1733
1734
1735
1736
1737
1738
1739
1740
1741
1742
1743
1744
1745
1746
1747
1748
1749
1750
1751
1752
1753
1754
1755
1756
1757
1758
1759
1760
1761
1762
1763
1764
1765
1766
1767
1768
1769
1770
1771
1772
1773
1774
1775
1776
1777
1778
1779
1780
1781
1782
1783
1784
1785
1786
1787
1788
1789
1790
1791
1792
1793
1794
1795
1796
1797
1798
1799
1800
1801
1802
1803
1804
1805
1806
1807
1808
1809
1810
1811
1812
1813
1814
1815
1816
1817
1818
1819
1820
1821
1822
1823
1824
1825
1826
1827
1828
1829
1830
1831
1832
1833
1834
1835
1836
1837
1838
1839
1840
1841
1842
1843
1844
1845
1846
1847
1848
1849
1850
1851
1852
1853
1854
1855
1856
1857
1858
1859
1860
1861
1862
1863
1864
1865
1866
1867
1868
1869
1870
1871
1872
1873
1874
1875
1876
1877
1878
1879
1880
1881
1882
1883
1884
1885
1886
1887
1888
1889
1890
1891
1892
1893
1894
1895
1896
1897
1898
1899
1900
1901
1902
1903
1904
1905
1906
1907
1908
1909
1910
1911
1912
1913
1914
1915
1916
1917
1918
1919
1920
1921
1922
1923
1924
1925
1926
1927
1928
1929
1930
1931
1932
1933
1934
1935
1936
1937
1938
1939
1940
1941
1942
1943
1944
1945
1946
1947
1948
1949
1950
1951
1952
1953
1954
1955
1956
1957
1958
1959
1960
1961
1962
1963
1964
1965
1966
1967
1968
1969
1970
1971
1972
1973
1974
1975
1976
1977
1978
1979
1980
1981
1982
1983
1984
1985
1986
1987
1988
1989
1990
1991
1992
1993
1994
1995
1996
1997
1998
1999
2000
2001
2002
2003
2004
2005
2006
2007
2008
2009
2010
2011
2012
2013
2014
2015
2016
2017
2018
2019
2020
2021
2022
2023
2024
2025
2026
2027
2028
2029
2030
2031
2032
2033
2034
2035
2036
2037
2038
2039
2040
2041
2042
2043
2044
2045
2046
2047
2048
2049
2050
2051
2052
2053
2054
2055
2056
2057
2058
2059
2060
2061
2062
2063
2064
2065
2066
2067
2068
2069
2070
2071
2072
2073
2074
2075
2076
2077
2078
2079
2080
2081
2082
2083
2084
2085
2086
2087
2088
2089
2090
2091
2092
2093
2094
2095
2096
2097
2098
2099
2100
2101
2102
2103
2104
2105
2106
2107
2108
2109
2110
2111
2112
2113
2114
2115
2116
2117
2118
2119
2120
2121
2122
2123
2124
2125
2126
2127
2128
2129
2130
2131
2132
2133
2134
2135
2136
2137
2138
2139
2140
2141
2142
2143
2144
2145
2146
2147
2148
2149
2150
2151
2152
2153
2154
2155
2156
2157
2158
2159
2160
2161
2162
2163
2164
2165
2166
2167
2168
2169
2170
2171
2172
2173
2174
2175
2176
2177
2178
2179
2180
2181
2182
2183
2184
2185
2186
2187
2188
2189
2190
2191
2192
2193
2194
2195
2196
2197
2198
2199
2200
2201
2202
2203
2204
2205
2206
2207
2208
2209
2210
2211
2212
2213
2214
2215
2216
2217
2218
2219
2220
2221
2222
2223
2224
2225
2226
2227
2228
2229
2230
2231
2232
2233
2234
2235
2236
2237
2238
2239
2240
2241
2242
2243
2244
2245
2246
2247
2248
2249
2250
2251
2252
2253
2254
2255
2256
2257
2258
2259
2260
2261
2262
2263
2264
2265
2266
2267
2268
2269
2270
2271
2272
2273
2274
2275
2276
2277
2278
2279
2280
2281
2282
2283
2284
2285
2286
2287
2288
2289
2290
2291
2292
2293
2294
2295
2296
2297
2298
2299
2300
2301
2302
2303
2304
2305
2306
2307
2308
2309
2310
2311
2312
2313
2314
2315
2316
2317
2318
2319
2320
2321
2322
2323
2324
2325
2326
2327
2328
2329
2330
2331
2332
2333
2334
2335
2336
2337
2338
2339
2340
2341
2342
2343
2344
2345
2346
2347
2348
2349
2350
2351
2352
2353
2354
2355
2356
2357
2358
2359
2360
2361
2362
2363
2364
2365
2366
2367
2368
2369
2370
2371
2372
2373
2374
2375
2376
2377
2378
2379
2380
2381
2382
2383
2384
2385
2386
2387
2388
2389
2390
2391
2392
2393
2394
2395
2396
2397
2398
2399
2400
2401
2402
2403
2404
2405
2406
2407
2408
2409
2410
2411
2412
2413
2414
2415
2416
2417
2418
2419
2420
2421
2422
2423
2424
2425
2426
2427
2428
2429
2430
2431
2432
2433
2434
2435
2436
2437
2438
2439
2440
2441
2442
2443
2444
2445
2446






p402 HIP CALC VALUES
-12.765980
-11.272395
-9.384532
-7.299598
-5.070125
-2.760738
-0.513602
1.652073
3.868558
6.123202
8.298377
10.391591
12.365184
14.377481
16.443865
18.403072
20.088273
21.425453
22.400360
22.992516
23.203932
23.096309
22.556632
21.567183
20.479103
19.465149
18.299063
17.326731
16.633024
16.340356
16.548729
16.594932
15.894285
15.333994
14.968151
14.426535
13.359353
11.650364
9.397775
7.157834
5.270549
3.672751
2.146642
0.558982
-0.995542
-2.450679
-3.853729
-5.197804
-6.494994
-7.785063
-9.070584
-10.324787
-11.545399
-12.743913
-13.885777
-14.904809
-15.759163
-16.436219
-16.931943
-17.269064
-17.524238
-17.866070
-18.386195
-19.010411
-19.512275
-19.734968
-19.887794
-19.836657
-19.484430
-18.947775
-17.672776
-15.765510
-13.183152
-10.302918
-7.545397
-4.991483
-2.570906
-0.146710
2.342566
4.866774
7.331945
9.542068
11.640908
13.348382
14.747135
15.979032
17.069760
18.055815
18.821176
19.281601
19.373019
19.153486
18.699723
18.176488
17.603076
16.931683
16.443881
16.304936
16.531616
17.067368
17.361291
16.409495
14.553313
12.949062
11.833378
11.178021
10.653242
9.095823
6.914117
4.944977
3.397346
2.021956
0.560373
-0.831886
-2.157733
-3.481759
-4.801624
-6.260245
-7.774262
-9.264674
-10.716569
-11.933229
-13.059555
-13.953564
-14.756108
-15.477182
-16.083627
-16.592329
-17.061400
-17.610273
-18.249950
-18.907828
-19.444505
-19.787658
-19.803952
-19.640554
-19.480174
-19.174313
-18.406746
-16.805453
-14.653729
-11.870591
-8.951794
-6.191814
-3.682204
-1.267701
1.258423
3.874590
6.566808
9.151377
11.411746
13.279056
14.761201
15.962062
17.024378
18.000867
18.767322
19.140246
18.991520
18.326898
17.367511
16.544421
15.826697
15.142943
14.795347
14.653497
15.103829
15.904573
15.483648
14.234635
12.908321
11.811626
10.912931
9.555016
7.414053
5.184670
3.219665
1.647968
0.285473
-0.985404
-2.145805
-3.352813
-4.644423
-6.055981
-7.604075
-9.251944
-10.860533
-12.361339
-13.665334
-14.754189
-15.827665
-16.901236
-17.885740
-18.599707
-18.965930
-19.203883
-19.607992
-20.139892
-20.607235
-20.909213
-21.082764
-21.048331
-21.155655
-21.095975
-20.831687
-19.859160
-18.150640
-15.850214
-13.094810
-10.179734
-7.369531
-4.779212
-2.302277
0.320844
3.049632
5.754057
8.262644
10.325405
12.031460
13.410560
14.615633
15.759149
16.786871
17.583397
18.069817
18.102715
17.678204
17.016524
16.291441
15.701974
15.586891
15.848942
16.130773
16.861849
17.882066
18.348165
16.974816
14.899733
13.383183
12.596915
12.266730
10.960977
8.575877
6.147574
4.188538
2.683649
1.230568
-0.076256
-1.296049
-2.501660
-3.793714
-5.249207
-6.851716
-8.445322
-10.005587
-11.435293
-12.641956
-13.748424
-14.822682
-15.810324
-16.686364
-17.423193
-18.080982
-18.739784
-19.426569
-20.090301
-20.608530
-20.870175
-20.890609
-20.991586
-20.843534
-20.394252
-19.372933
-17.896525
-15.881373
-13.380179
-10.663157
-7.955557
-5.389863
-2.922938
-0.302607
2.436514
5.158054
7.800637
10.165596
12.250261
13.598627
14.971314
16.537236
18.328817
19.465759
20.201688
20.441962
20.140243
19.332635
18.324092
17.501971
16.772140
16.449374
16.395649
16.487903
17.114807
17.925757
17.455400
15.944207
14.455926
13.119852
11.952496
10.251248
7.977038
5.843864
4.107343
2.770916
1.579950
0.479331
-0.699562
-2.001615
-3.439192
-4.980246
-6.631512
-8.362720
-10.063906
-11.583904
-12.814990
-13.946528
-15.051850
-16.055551
-16.918618
-17.602636
-18.169340
-18.722091
-19.172008
-19.717723
-20.284330
-20.564555
-20.674150
-20.888838
-20.876414
-20.546216
-19.497270
-17.884045
-15.637402
-12.888412
-9.979490
-7.169229
-4.561886
-1.980083
0.754580
3.484178
6.165772
8.730587
10.943276
12.821951
14.360540
15.702469
16.858669
17.866318
18.653123
19.110008
19.149922
18.722035
17.968514
17.215380
16.608758
15.884486
15.423236
15.317454
15.559840
16.361489
17.271779
16.673610
15.266178
14.080865
13.395259
13.052259
11.637927
9.201938
6.863547
5.000001
3.559218
2.211778
0.914159
-0.327782
-1.596778
-2.932125
-4.446730
-6.150764
-7.895001
-9.541507
-11.039885
-12.358694
-13.454367
-14.477061
-15.487610
-16.399627
-17.198324
-17.837247
-18.387107
-18.960940
-19.653366
-20.369815
-20.887028
-21.044709
-20.899755
-20.853510
-20.586324
-20.137093
-19.037917
-17.413388
-15.107312
-12.377108
-9.658121
-7.058779
-4.591345
-2.131666
0.459770
3.103131
5.759550
8.320414
10.550856
12.401981
14.037515
15.685214
17.386881
18.950894
20.140135
20.908946
21.264803
21.193732
20.684408
19.937080
19.070339
18.380393
17.685648
17.298642
17.133583
17.381833
17.753367
16.748413
15.307142
14.238205
12.927553
12.220244
10.707485
8.313553
5.892693
3.955653
2.468267
1.179904
0.029100
-1.053422
-2.238588
-3.588077
-5.094293
-6.737879
-8.427484
-10.116895
-11.668432
-12.980458
-14.130612
-15.268730
-16.390000
-17.426285
-18.242978
-18.781108
-19.123801
-19.447343
-19.799230
-20.150634
-20.428112
-20.541613
-20.423732
-20.358904
-20.075213
-19.631127
-18.482992
-16.683688
-14.359066
-11.582276
-8.793612
-6.242567
-3.876264
-1.484710
1.099191
3.749137
6.345392
8.759887
10.656158
12.188222
13.437952
14.651706
15.952098
17.260825
18.330799
19.009080
19.239797
19.006541
18.385818
17.555311
16.835211
16.254246
16.022082
16.124075
16.477047
17.196590
18.016185
18.239061
17.009075
15.484549
14.176772
13.555284
13.203179
11.900694
9.465011
6.978714
5.197968
3.918129
2.565365
1.097802
-0.285531
-1.642270
-3.041765
-4.554092
-6.144583
-7.754501
-9.277353
-10.651750
-11.859270
-12.905888
-13.936732
-14.997949
-16.030135
-16.921997
-17.614845
-18.181781
-18.745756
-19.294696
-19.789817
-20.180177
-20.457337
-20.605747
-20.761545
-20.722100
-20.387426
-19.340396
-17.819248
-15.662266
-13.073532
-10.304752
-7.607478
-5.129083
-2.702690
-0.026448
2.742693
5.487400
8.093691
10.366556
12.326893
14.007203
15.500599
16.877023
18.021800
18.808634
19.257083
19.308114
18.872903
18.121903
17.316703
16.625947
16.064482
15.951803
15.951093
16.465753
17.427986
17.479720
15.803421
14.304912
13.325123
12.554984
11.141745
8.699146
5.847366
3.356611
1.624387
0.323180
-0.782282
-1.864112
-3.059181
-4.394888
-5.952934
-7.732716
-9.529887
-11.197849
-12.607397
-13.707277
-14.622319
-15.378229
-16.134544
-16.866975
-17.317667
-17.616658
-17.906343
-18.361865
-18.948218
-19.597122
-20.113686
-20.518245
-20.764197
-21.197343
-21.544102
-21.908171
-21.631955
-20.631448
-19.073983
-16.905492
-14.480825
-11.954356
-9.523390
-7.149217
-4.585409
-1.790496
0.975530
3.649400
6.146494
8.438929
10.377915
11.925380
13.433265
15.039954
16.498289
17.718399
18.687264
19.296755
19.465245
19.204830
18.623209
17.958114
17.323420
16.646448
16.374691
16.406187
16.620253
17.096598
16.265683
14.868778
14.074010
13.744400
13.359485
11.577467
8.946101
6.501287
4.539644
3.016174
1.715273
0.577770
-0.510399
-1.708997
-3.122609
-4.752461
-6.558470
-8.380207
-10.150264
-11.745600
-13.088378
-14.199397
-15.295782
-16.419842
-17.470206
-18.369119
-18.985037
-19.419777
-19.856420
-20.410694
-21.010619
-21.541845
-21.978350
-22.513361
-22.705689
-22.410762
-21.401633
-20.009481
-18.182692
-15.886770
-13.295999
-10.589368
-7.899097
-5.230934
-2.374491
0.451784
3.134986
5.687871
8.137765
10.352793
12.238941
13.929846
15.517162
16.914499
18.056003
18.900748
19.336744
19.240995
18.739007
18.134793
17.704737
17.375779
16.963500
16.830131
16.780388
16.996486
17.648744
18.117039
16.979543
15.762988
14.922795
14.397232
13.755280
11.653064
8.941724
6.644125
4.956828
3.551719
2.258291
1.048094
-0.052243
-1.307099
-2.778330
-4.471106
-6.290880
-8.127380
-9.895435
-11.499709
-12.850030
-14.055015
-15.284230
-16.546213
-17.725537
-18.709494
-19.361579
-19.781175
-20.243030
-20.828057
-21.416726
-21.864502
-22.087682
-22.093416
-21.999916
-21.708577
-21.152740
-19.991243
-18.341927
-16.003258
-13.240128
-10.368910
-7.577667
-4.940475
-2.326295
0.401029
3.111831
5.722477
8.155864
10.248367
12.013888
13.536148
14.938569
16.316139
17.518646
18.327478
18.764504
18.837387
18.470715
17.731038
16.906213
16.412639
16.078017
16.000748
16.135081
16.530427
17.311336
17.854476
16.864793
15.134420
13.635090
13.044117
12.861519
11.628366
9.142825
6.497773
4.404836
2.896072
1.494390
0.318135
-0.787149
-2.116619
-3.746826
-5.554233
-7.331264
-9.060437
-10.760136
-12.253232
-13.472352
-14.554949
-15.676236
-16.802159
-17.859639
-18.799054
-19.594714
-20.286199
-20.959786
-21.615158
-22.119751
-22.246566
-22.314515
-22.217572
-21.916367
-20.877896
-19.285597
-17.084744
-14.369088
-11.486959
-8.716812
-6.014657
-3.375642
-0.691217
2.023716
4.743890
7.436721
9.876175
11.932865
13.611791
15.273563
16.690838
17.694990
18.503309
18.998192
19.071507
18.641692
17.791684
16.821521
16.021333
15.395959
15.357544
15.603759
16.181282
16.954854
17.725025
17.182104
15.537124
13.953984
12.985763
12.477867
11.556540
9.463985
7.031567
4.925188
3.346220
2.015272
0.773393
-0.323909
-1.467666
-2.746636
-4.194558
-5.848785
-7.593124
-9.245770
-10.744816
-12.050047
-13.122042
-14.104105
-15.082602
-16.002932
-16.793553
-17.504983
-18.184291
-18.862088
-19.518820
-20.092583
-20.550978
-20.854897
-20.888391
-20.880918
-20.918619
-20.926255
-20.380203
-19.184740
-17.289629
-14.725324
-11.849288
-9.086566
-6.628538
-4.373199
-1.984961
0.709179
3.552167
6.352795
8.892707
11.062889
12.933243
14.611756
16.104274
17.428236
18.532758
19.303483
19.716231
19.731638
19.371763
18.737591
18.042753
17.517931
16.990398
16.710552
16.555297
16.792285
17.431417
17.381505
15.812448
14.248885
13.228198
12.246995
10.964203
8.810524
6.310709
3.971142
2.240797
0.909639
-0.244980
-1.212797
-2.218795
-3.447593
-4.872019
-6.406485
-8.024731
-9.612695
-11.106678
-12.339268
-13.344711
-14.236645
-15.123391
-15.968830
-16.681075
-17.230188
-17.660581
-18.137759
-18.626528
-19.068304
-19.425734
-19.660567
-19.748481
-19.648516
-19.738009
-19.759268
-19.697282
-19.035785
-17.619254
-15.497980
-12.809322
-9.953189
-7.302899
-4.944540
-2.787916
-0.512840
2.008777
4.694042
7.232196
9.286154
10.850004
12.046240
12.933946
13.744588
14.522011
15.212903
15.692730
15.813540
15.391302
14.632215
13.918771
13.348404
12.688907
12.178199
11.989464
12.145590
12.766523
13.583773
13.397586
12.634414
11.832252
10.968717
9.935979
8.573011
6.546292
4.298594
2.328735
0.891590
-0.142453
-1.005743
-1.753255
-2.346542
-2.948651
-3.714702
-4.759588
-6.084080
-7.492221
-8.751851
-9.813873
-10.603381
-11.189371
-11.714950
-12.290950
-12.793859
-13.200440
-13.409601
-13.402080
-13.191173
-12.890771
-12.517972
-12.030568
-11.362310
-10.437516
-9.440718
-8.773128
-8.551206
-8.324726
-7.678748
-6.363985
-4.429742
-2.188433
0.130299
2.509465
4.834817
6.884923
8.456633
9.571505
10.290468
10.731433
10.902541
11.091212
11.327931
11.585785
11.798244
11.931689
12.000993
11.949578
11.744810
11.512816
11.310515
11.190832
11.029549
10.898283
10.772402
10.609022
10.404339
10.156729
9.860265
9.519031
9.152202
8.810684
8.550598
8.431808
8.305142
8.282986
8.342583
8.545872
8.903003
9.260687
9.525023
9.701723
9.751125
9.629720
9.301249
8.858944
7.943872
6.767458
5.629546
4.543129
3.398400
2.334381
1.170798
0.046574
-0.915099
-1.766419
-2.711395
-3.766002
-5.124556
-6.460724
-7.577882
-8.471574
-9.252369
-10.081300
-11.029648
-12.075962
-13.156070
-14.183489
-15.152518
-16.099615
-17.063039
-17.906634
-18.551351
-19.027652
-19.478407
-19.994820
-20.775388
-21.396007
-21.818722
-22.135870
-22.280484
-21.988762
-20.986310
-19.569745
-17.758989
-15.436872
-12.774557
-10.012578
-7.391718
-4.785570
-2.031801
0.801952
3.582888
6.209201
8.777268
11.147413
13.332276
15.285596
17.033183
18.471160
19.497494
20.162362
20.406018
20.157108
19.507348
18.795434
18.780150
18.773490
18.654312
18.877056
19.149484
19.703604
20.048312
19.078209
18.260396
17.624751
17.038551
15.645301
13.451680
11.117562
8.915688
7.033387
5.462546
4.032926
2.668972
1.349084
-0.068725
-1.666336
-3.447154
-5.348939
-7.130857
-8.872335
-10.519822
-12.001385
-13.341219
-14.604515
-15.748034
-16.865493
-17.676867
-18.285673
-18.845377
-19.407461
-20.158433
-20.853855
-21.397752
-21.860800
-22.237857
-22.268531
-21.932241
-20.940259
-19.372051
-17.156234
-14.417373
-11.598702
-8.979808
-6.600434
-4.166161
-1.637259
1.184069
4.050593
6.833551
9.428402
11.745629
13.656368
15.243281
16.581532
17.690254
18.639947
19.246494
19.403887
19.040019
18.343109
17.619600
16.880758
16.014207
15.588986
15.517075
16.014298
17.223411
17.440541
16.911970
16.588215
15.931887
14.650081
12.413523
9.884158
7.336127
5.153218
3.452551
1.947759
0.647845
-0.484891
-1.791839
-3.290584
-4.943039
-6.759864
-8.705509
-10.683111
-12.544867
-14.108375
-15.331281
-16.337275
-17.210422
-17.899146
-18.327926
-18.619686
-18.994559
-19.558158
-20.197851
-20.692231
-20.895398
-21.006031
-21.076916
-21.204826
-21.107313
-20.591282
-19.458132
-17.608030
-15.519217
-12.899412
-10.203489
-7.722575
-5.348006
-2.655855
0.246958
3.136907
5.884746
8.398130
10.719890
12.553968
14.056824
15.376379
16.586346
17.652706
18.453928
18.812368
18.468773
18.016450
17.394854
16.961045
16.556981
16.511367
16.640598
17.038364
17.963835
17.715854
16.141956
15.299549
14.886169
14.153535
11.712511
9.260886
6.787589
4.669498
2.999597
1.550589
0.339647
-0.777557
-2.028481
-3.432784
-4.995047
-6.718537
-8.531264
-10.315719
-11.923448
-13.201094
-14.239572
-15.173705
-16.048690
-16.904293
-17.644229
-18.356776
-19.085768
-19.759389
-20.288232
-20.680558
-21.002217
-21.388942
-21.690798
-21.444304
-20.401733
-19.004860
-17.075882
-14.614938
-11.874456
-9.165566
-6.633353
-4.115914
-1.313650
1.527299
4.253746
6.825672
9.120604
11.170386
13.023314
14.762598
16.362243
17.500660
18.639521
19.209126
19.328291
18.984680
18.344645
17.660688
17.164198
16.607918
16.340931
16.057939
16.205839
17.017741
16.935171
16.669327
16.077983
14.930809
13.847233
11.950450
9.400017
6.676866
4.313714
2.571197
1.130831
-0.174929
-1.279624
-2.380411
-3.701030
-5.294156
-7.125395
-9.108265
-11.022967
-12.760451
-14.193171
-15.236266
-16.039591
-16.703803
-17.464563
-18.113975
-18.670195
-19.208423
-19.805008
-20.321272
-20.696042
-20.925701
-20.951459
-20.985069
-20.861400
-20.509750
-19.614098
-18.062236
-15.843784
-12.922825
-10.011303
-7.232017
-4.810193
-2.448562
0.179089
3.026882
5.964458
8.542323
10.943278
12.883262
14.418145
15.660672
16.774801
17.866548
18.847270
19.526930
19.664903
19.306161
18.694413
18.214653
17.685540
17.389377
17.374853
17.583836
18.439855
19.094611
17.868719
16.335133
15.251546
14.442112
13.458363
11.393503
8.929991
6.395736
4.174782
2.777103
1.565467
0.473384
-0.614696
-2.093402
-3.649618
-5.472400
-7.344232
-9.204556
-10.942155
-12.408967
-13.471913
-14.290870
-15.095366
-15.921249
-16.786819
-17.758148
-18.814721
-19.859022
-20.740479
-21.397338
-21.860090
-22.007944
-22.043468
-22.035985
-21.720967
-20.546811
-18.918311
-16.616799
-13.673929
-10.710712
-8.078781
-5.699572
-3.261614
-0.466750
2.568809
5.590956
8.367193
10.728733
12.821875
14.682121
16.147038
17.391079
18.431644
19.170859
19.576944
19.514320
19.065994
18.533619
18.278747
18.101895
18.175085
18.276715
18.640881
19.513883
19.715181
18.308591
16.957246
16.107918
15.367091
13.807243
11.418201
8.868962
6.531449
4.732009
3.262318
1.910962
0.698372
-0.531813
-1.900092
-3.470387
-5.226897
-7.037666
-8.854161
-10.558145
-12.087502
-13.335776
-14.395481
-15.403949
-16.353499
-17.262144
-18.155161
-19.013199
-19.806145
-20.502736
-21.067565
-21.434496
-21.746791
-22.075540
-22.144690
-21.918948
-20.794177
-19.126606
-16.872679
-14.105093
-11.232044
-8.524560
-6.025226
-3.558001
-0.774061
2.259009
5.298842
8.125932
10.588668
12.765358
14.603452
16.185542
17.594689
18.787874
19.665751
20.143567
20.083922
19.556766
19.003637
18.266091
17.781550
17.544292
17.289750
17.259094
17.919984
18.532744
17.383429
15.904175
14.828284
14.008235
12.926623
10.940587
8.394096
5.829807
3.848066
2.217612
0.846103
-0.416798
-1.559120
-2.783253
-4.234686
-5.920589
-7.735892
-9.541720
-11.141736
-12.561901
-13.764622
-14.723702
-15.663557
-16.597550
-17.550761
-18.465670
-19.320150
-20.123593
-20.752823
-21.393977
-21.884202
-22.152413
-22.272598
-22.153470
-22.171255
-21.454132
-19.560792
-17.531459
-15.377395
-12.535232
-9.746408
-7.213013
-4.742630
-2.086762
0.782824
3.749537
6.579084
9.207767
11.503094
13.110279
14.584594
16.351063
17.384054
17.955941
18.390595
18.406541
17.901301
17.159599
16.717240
16.498958
16.561631
16.615463
16.700424
17.509921
18.667088
18.084792
16.118935
14.197230
12.559937
10.876095
9.530741
7.072025
4.606227
2.737249
1.379752
0.276868
-0.763271
-1.934088
-3.327018
-4.991378
-6.775325
-8.497322
-10.266003
-11.947494
-13.242310
-14.137896
-14.836572
-15.481089
-16.153552
-16.884117
-17.600823
-18.133482
-18.833046
-19.547965
-20.031348
-20.427775
-20.695826
-21.221358
-21.429960
-20.988271
-19.589736
-17.462855
-14.675604
-11.699844
-8.801123
-6.157514
-3.594921
-0.892057
2.122830
5.369213
8.636700
11.533791
14.094142
16.108514
17.721977
19.004457
20.115897
20.955943
21.418206
21.382366
20.759633
19.703439
18.754525
17.878467
17.535598
17.208673
16.876612
16.994789
16.309795
15.071539
14.388992
13.728421
13.043147
10.970291
8.455358
6.219010
4.265323
2.537160
1.030256
-0.234179
-1.501749
-2.869849
-4.398735
-6.162756
-8.043468
-9.954683
-11.756281
-13.296664
-14.483716
-15.436629
-16.304782
-17.190903
-18.135870
-19.038084
-19.808402
-20.477403
-21.032496
-21.426942
-21.659467
-21.810490
-22.442279
-23.185149
-23.316707
-22.252015
-20.791649
-18.733722
-16.247527
-13.685912
-11.106163
-8.587223
-5.924089
-2.855607
0.386973
3.389702
6.111275
8.610273
10.827186
12.731982
14.435933
16.029384
17.153046
18.295096
18.871722
19.040518
18.701589
18.075562
17.701600
17.480968
17.443745
17.779261
18.434318
19.612409
20.360507
18.955574
17.738969
17.348315
16.749546
14.695338
11.919543
9.328642
7.173389
5.494607
4.062398
2.726384
1.499149
0.130508
-1.591276
-3.519197
-5.462497
-7.394417
-9.316316
-11.129583
-12.741382
-14.072678
-15.245106
-16.298494
-17.257244
-18.111534
-18.853735
-19.545865
-20.274510
-20.899178
-21.444060
-21.718682
-21.942259
-22.031956
-22.119991
-21.898589
-21.297808
-20.061933
-18.102170
-15.326767
-12.288062
-9.374221
-6.712490
-4.077653
-1.246893
1.705618
4.697861
7.590513
10.162833
12.434778
14.314494
15.851558
16.989229
18.301677
19.250897
19.893064
20.090116
19.786165
19.030059
18.211603
17.613124
17.059218
16.996374
17.059304
17.483160
18.408641
18.860421
17.375824
15.519801
14.166930
13.432772
12.774224
10.980141
8.360883
5.812068
3.796353
2.308040
0.941032
-0.301354
-1.636028
-3.188177
-4.922242
-6.743452
-8.566564
-10.424210
-12.263222
-13.936364
-15.285147
-16.400372
-17.254834
-18.120661
-18.803030
-19.432521
-20.123727
-20.803845
-21.422745
-21.931948
-22.227222
-22.479905
-22.520224
-22.243663
-21.123754
-19.262139
-16.665546
-13.488366
-10.257532
-7.453769
-4.731634
-2.091420
0.734018
3.775084
6.877924
9.751622
12.099225
14.008609
15.519700
16.740448
17.626383
18.191848
18.549629
18.571556
18.074889
17.141139
16.406849
16.354040
16.256468
16.688313
16.745572
16.959860
17.100270
15.603369
13.514242
12.052800
11.198968
10.722645
9.222491
6.731062
4.263217
2.353576
0.854976
-0.327572
-1.354888
-2.514865
-3.974776
-5.668745
-7.455341
-9.184109
-10.977444
-12.750619
-14.274189
-15.513852
-16.615814
-17.629530
-18.500365
-19.172147
-19.702393
-20.115185
-20.508662
-20.966489
-21.440439
-21.827335
-22.348500
-22.805715
-22.798449
-21.999032
-20.370385
-17.846935
-15.143174
-11.948502
-8.815178
-6.055515
-3.617544
-0.970690
1.939884
4.988602
7.881942
10.257394
12.238856
13.766830
14.925182
16.301618
17.286328
18.352322
18.914236
19.061634
18.753126
18.048018
17.265370
16.742495
16.661017
17.100084
17.569570
17.923759
18.457068
18.790759
18.228065
16.205484
14.231689
13.046852
12.536160
12.284410
10.671465
8.001915
5.698878
4.151587
2.914903
1.762076
0.619676
-0.661511
-2.233537
-4.029665
-5.729217
-7.297351
-8.859611
-10.351147
-11.604270
-12.646100
-13.644225
-14.634335
-15.591334
-16.462343
-17.311226
-18.157161
-18.952198
-19.688349
-20.294006
-20.649162
-20.733438
-20.859117
-20.873795
-20.611757
-19.570736
-17.987820
-15.731625
-12.955959
-10.044429
-7.356640
-4.887544
-2.587016
-0.060718
2.732209
5.602504
8.288034
10.397913
11.980005
13.375210
14.439074
15.443119
16.330863
16.969742
17.248813
17.177702
16.638549
15.721484
14.771655
14.122073
13.995798
14.587921
15.069170
15.710983
16.577733
16.229120
14.862866
13.475449
12.445988
11.688320
10.300772
8.194646
5.938731
3.875046
2.253822
0.879409
-0.310081
-1.245706
-2.202421
-3.263724
-4.516531
-5.946508
-7.438013
-8.924315
-10.304763
-11.407346
-12.198784
-12.827239
-13.530395
-14.276667
-15.041479
-15.772374
-16.430929
-17.025242
-17.477526
-17.764980
-17.810086
-17.601640
-17.456229
-17.320601
-17.270790
-16.784476
-15.758737
-14.131202
-11.793158
-9.149733
-6.667636
-4.360367
-2.164976
-0.066084
1.874980
3.636840
5.264629
6.789996
8.036366
8.892974
9.577878
10.298541
11.036812
11.762595
12.442170
12.985087
13.285334
13.340325
13.200091
12.979950
12.737753
12.508002
12.323236






p402 HIP ACTUAL ROWS ROWS
401
402
403
404
405
406
407
408
409
410
411
412
413
414
415
416
417
418
419
420
421
422
423
424
425
426
427
428
429
430
431
432
433
434
435
436
437
438
439
440
441
442
443
444
445
446
447
448
449
450
451
452
453
454
455
456
457
458
459
460
461
462
463
464
465
466
467
468
469
470
471
472
473
474
475
476
477
478
479
480
481
482
483
484
485
486
487
488
489
490
491
492
493
494
495
496
497
498
499
500
501
502
503
504
505
506
507
508
509
510
511
512
513
514
515
516
517
518
519
520
521
522
523
524
525
526
527
528
529
530
531
532
533
534
535
536
537
538
539
540
541
542
543
544
545
546
547
548
549
550
551
552
553
554
555
556
557
558
559
560
561
562
563
564
565
566
567
568
569
570
571
572
573
574
575
576
577
578
579
580
581
582
583
584
585
586
587
588
589
590
591
592
593
594
595
596
597
598
599
600
601
602
603
604
605
606
607
608
609
610
611
612
613
614
615
616
617
618
619
620
621
622
623
624
625
626
627
628
629
630
631
632
633
634
635
636
637
638
639
640
641
642
643
644
645
646
647
648
649
650
651
652
653
654
655
656
657
658
659
660
661
662
663
664
665
666
667
668
669
670
671
672
673
674
675
676
677
678
679
680
681
682
683
684
685
686
687
688
689
690
691
692
693
694
695
696
697
698
699
700
701
702
703
704
705
706
707
708
709
710
711
712
713
714
715
716
717
718
719
720
721
722
723
724
725
726
727
728
729
730
731
732
733
734
735
736
737
738
739
740
741
742
743
744
745
746
747
748
749
750
751
752
753
754
755
756
757
758
759
760
761
762
763
764
765
766
767
768
769
770
771
772
773
774
775
776
777
778
779
780
781
782
783
784
785
786
787
788
789
790
791
792
793
794
795
796
797
798
799
800
801
802
803
804
805
806
807
808
809
810
811
812
813
814
815
816
817
818
819
820
821
822
823
824
825
826
827
828
829
830
831
832
833
834
835
836
837
838
839
840
841
842
843
844
845
846
847
848
849
850
851
852
853
854
855
856
857
858
859
860
861
862
863
864
865
866
867
868
869
870
871
872
873
874
875
876
877
878
879
880
881
882
883
884
885
886
887
888
889
890
891
892
893
894
895
896
897
898
899
900
901
902
903
904
905
906
907
908
909
910
911
912
913
914
915
916
917
918
919
920
921
922
923
924
925
926
927
928
929
930
931
932
933
934
935
936
937
938
939
940
941
942
943
944
945
946
947
948
949
950
951
952
953
954
955
956
957
958
959
960
961
962
963
964
965
966
967
968
969
970
971
972
973
974
975
976
977
978
979
980
981
982
983
984
985
986
987
988
989
990
991
992
993
994
995
996
997
998
999
1000
1001
1002
1003
1004
1005
1006
1007
1008
1009
1010
1011
1012
1013
1014
1015
1016
1017
1018
1019
1020
1021
1022
1023
1024
1025
1026
1027
1028
1029
1030
1031
1032
1033
1034
1035
1036
1037
1038
1039
1040
1041
1042
1043
1044
1045
1046
1047
1048
1049
1050
1051
1052
1053
1054
1055
1056
1057
1058
1059
1060
1061
1062
1063
1064
1065
1066
1067
1068
1069
1070
1071
1072
1073
1074
1075
1076
1077
1078
1079
1080
1081
1082
1083
1084
1085
1086
1087
1088
1089
1090
1091
1092
1093
1094
1095
1096
1097
1098
1099
1100
1101
1102
1103
1104
1105
1106
1107
1108
1109
1110
1111
1112
1113
1114
1115
1116
1117
1118
1119
1120
1121
1122
1123
1124
1125
1126
1127
1128
1129
1130
1131
1132
1133
1134
1135
1136
1137
1138
1139
1140
1141
1142
1143
1144
1145
1146
1147
1148
1149
1150
1151
1152
1153
1154
1155
1156
1157
1158
1159
1160
1161
1162
1163
1164
1165
1166
1167
1168
1169
1170
1171
1172
1173
1174
1175
1176
1177
1178
1179
1180
1181
1182
1183
1184
1185
1186
1187
1188
1189
1190
1191
1192
1193
1194
1195
1196
1197
1198
1199
1200
1201
1202
1203
1204
1205
1206
1207
1208
1209
1210
1211
1212
1213
1214
1215
1216
1217
1218
1219
1220
1221
1222
1223
1224
1225
1226
1227
1228
1229
1230
1231
1232
1233
1234
1235
1236
1237
1238
1239
1240
1241
1242
1243
1244
1245
1246
1247
1248
1249
1250
1251
1252
1253
1254
1255
1256
1257
1258
1259
1260
1261
1262
1263
1264
1265
1266
1267
1268
1269
1270
1271
1272
1273
1274
1275
1276
1277
1278
1279
1280
1281
1282
1283
1284
1285
1286
1287
1288
1289
1290
1291
1292
1293
1294
1295
1296
1297
1298
1299
1300
1301
1302
1303
1304
1305
1306
1307
1308
1309
1310
1311
1312
1313
1314
1315
1316
1317
1318
1319
1320
1321
1322
1323
1324
1325
1326
1327
1328
1329
1330
1331
1332
1333
1334
1335
1336
1337
1338
1339
1340
1341
1342
1343
1344
1345
1346
1347
1348
1349
1350
1351
1352
1353
1354
1355
1356
1357
1358
1359
1360
1361
1362
1363
1364
1365
1366
1367
1368
1369
1370
1371
1372
1373
1374
1375
1376
1377
1378
1379
1380
1381
1382
1383
1384
1385
1386
1387
1388
1389
1390
1391
1392
1393
1394
1395
1396
1397
1398
1399
1400
1401
1402
1403
1404
1405
1406
1407
1408
1409
1410
1411
1412
1413
1414
1415
1416
1417
1418
1419
1420
1421
1422
1423
1424
1425
1426
1427
1428
1429
1430
1431
1432
1433
1434
1435
1436
1437
1438
1439
1440
1441
1442
1443
1444
1445
1446
1447
1448
1449
1450
1451
1452
1453
1454
1455
1456
1457
1458
1459
1460
1461
1462
1463
1464
1465
1466
1467
1468
1469
1470
1471
1472
1473
1474
1475
1476
1477
1478
1479
1480
1481
1482
1483
1484
1485
1486
1487
1488
1489
1490
1491
1492
1493
1494
1495
1496
1497
1498
1499
1500
1501
1502
1503
1504
1505
1506
1507
1508
1509
1510
1511
1512
1513
1514
1515
1516
1517
1518
1519
1520
1521
1522
1523
1524
1525
1526
1527
1528
1529
1530
1531
1532
1533
1534
1535
1536
1537
1538
1539
1540
1541
1542
1543
1544
1545
1546
1547
1548
1549
1550
1551
1552
1553
1554
1555
1556
1557
1558
1559
1560
1561
1562
1563
1564
1565
1566
1567
1568
1569
1570
1571
1572
1573
1574
1575
1576
1577
1578
1579
1580
1581
1582
1583
1584
1585
1586
1587
1588
1589
1590
1591
1592
1593
1594
1595
1596
1597
1598
1599
1600
1601
1602
1603
1604
1605
1606
1607
1608
1609
1610
1611
1612
1613
1614
1615
1616
1617
1618
1619
1620
1621
1622
1623
1624
1625
1626
1627
1628
1629
1630
1631
1632
1633
1634
1635
1636
1637
1638
1639
1640
1641
1642
1643
1644
1645
1646
1647
1648
1649
1650
1651
1652
1653
1654
1655
1656
1657
1658
1659
1660
1661
1662
1663
1664
1665
1666
1667
1668
1669
1670
1671
1672
1673
1674
1675
1676
1677
1678
1679
1680
1681
1682
1683
1684
1685
1686
1687
1688
1689
1690
1691
1692
1693
1694
1695
1696
1697
1698
1699
1700
1701
1702
1703
1704
1705
1706
1707
1708
1709
1710
1711
1712
1713
1714
1715
1716
1717
1718
1719
1720
1721
1722
1723
1724
1725
1726
1727
1728
1729
1730
1731
1732
1733
1734
1735
1736
1737
1738
1739
1740
1741
1742
1743
1744
1745
1746
1747
1748
1749
1750
1751
1752
1753
1754
1755
1756
1757
1758
1759
1760
1761
1762
1763
1764
1765
1766
1767
1768
1769
1770
1771
1772
1773
1774
1775
1776
1777
1778
1779
1780
1781
1782
1783
1784
1785
1786
1787
1788
1789
1790
1791
1792
1793
1794
1795
1796
1797
1798
1799
1800
1801
1802
1803
1804
1805
1806
1807
1808
1809
1810
1811
1812
1813
1814
1815
1816
1817
1818
1819
1820
1821
1822
1823
1824
1825
1826
1827
1828
1829
1830
1831
1832
1833
1834
1835
1836
1837
1838
1839
1840
1841
1842
1843
1844
1845
1846
1847
1848
1849
1850
1851
1852
1853
1854
1855
1856
1857
1858
1859
1860
1861
1862
1863
1864
1865
1866
1867
1868
1869
1870
1871
1872
1873
1874
1875
1876
1877
1878
1879
1880
1881
1882
1883
1884
1885
1886
1887
1888
1889
1890
1891
1892
1893
1894
1895
1896
1897
1898
1899
1900
1901
1902
1903
1904
1905
1906
1907
1908
1909
1910
1911
1912
1913
1914
1915
1916
1917
1918
1919
1920
1921
1922
1923
1924
1925
1926
1927
1928
1929
1930
1931
1932
1933
1934
1935
1936
1937
1938
1939
1940
1941
1942
1943
1944
1945
1946
1947
1948
1949
1950
1951
1952
1953
1954
1955
1956
1957
1958
1959
1960
1961
1962
1963
1964
1965
1966
1967
1968
1969
1970
1971
1972
1973
1974
1975
1976
1977
1978
1979
1980
1981
1982
1983
1984
1985
1986
1987
1988
1989
1990
1991
1992
1993
1994
1995
1996
1997
1998
1999
2000
2001
2002
2003
2004
2005
2006
2007
2008
2009
2010
2011
2012
2013
2014
2015
2016
2017
2018
2019
2020
2021
2022
2023
2024
2025
2026
2027
2028
2029
2030
2031
2032
2033
2034
2035
2036
2037
2038
2039
2040
2041
2042
2043
2044
2045
2046
2047
2048
2049
2050
2051
2052
2053
2054
2055
2056
2057
2058
2059
2060
2061
2062
2063
2064
2065
2066
2067
2068
2069
2070
2071
2072
2073
2074
2075
2076
2077
2078
2079
2080
2081
2082
2083
2084
2085
2086
2087
2088
2089
2090
2091
2092
2093
2094
2095
2096
2097
2098
2099
2100
2101
2102
2103
2104
2105
2106
2107
2108
2109
2110
2111
2112
2113
2114
2115
2116
2117
2118
2119
2120
2121
2122
2123
2124
2125
2126
2127
2128
2129
2130
2131
2132
2133
2134
2135
2136
2137
2138
2139
2140
2141
2142
2143
2144
2145
2146
2147
2148
2149
2150
2151
2152
2153
2154
2155
2156
2157
2158
2159
2160
2161
2162
2163
2164
2165
2166
2167
2168
2169
2170
2171
2172
2173
2174
2175
2176
2177
2178
2179
2180
2181
2182
2183
2184
2185
2186
2187
2188
2189
2190
2191
2192
2193
2194
2195
2196
2197
2198
2199
2200
2201
2202
2203
2204
2205
2206
2207
2208
2209
2210
2211
2212
2213
2214
2215
2216
2217
2218
2219
2220
2221
2222
2223
2224
2225
2226
2227
2228
2229
2230
2231
2232
2233
2234
2235
2236
2237
2238
2239
2240
2241
2242
2243
2244
2245
2246
2247
2248
2249
2250
2251
2252
2253
2254
2255
2256
2257
2258
2259
2260
2261
2262
2263
2264
2265
2266
2267
2268
2269
2270
2271
2272
2273
2274
2275
2276
2277
2278
2279
2280
2281
2282
2283
2284
2285
2286
2287
2288
2289
2290
2291
2292
2293
2294
2295
2296
2297
2298
2299
2300
2301
2302
2303
2304
2305
2306
2307
2308
2309
2310
2311
2312
2313
2314
2315
2316
2317
2318
2319
2320
2321
2322
2323
2324
2325
2326
2327
2328
2329
2330
2331
2332
2333
2334
2335
2336
2337
2338
2339
2340
2341
2342
2343
2344
2345
2346
2347
2348
2349
2350
2351
2352
2353
2354
2355
2356
2357
2358
2359
2360
2361
2362
2363
2364
2365
2366
2367
2368
2369
2370
2371
2372
2373
2374
2375
2376
2377
2378
2379
2380
2381
2382
2383
2384
2385
2386
2387
2388
2389
2390
2391
2392
2393
2394
2395
2396
2397
2398
2399
2400
2401
2402
2403
2404
2405
2406
2407
2408
2409
2410
2411
2412
2413
2414
2415
2416
2417
2418
2419
2420
2421
2422
2423
2424
2425
2426
2427
2428
2429
2430
2431
2432
2433
2434
2435
2436
2437
2438
2439
2440
2441
2442
2443
2444
2445
2446






p402 HIP ACTUAL VALUES
-12.765980
-11.272395
-9.384532
-7.299598
-5.070125
-2.760738
-0.513602
1.652073
3.868558
6.123202
8.298377
10.391591
12.365184
14.377481
16.443865
18.403072
20.088273
21.425453
22.400360
22.992516
23.203932
23.096309
22.556632
21.567183
20.479103
19.465149
18.299063
17.326731
16.633024
16.340356
16.548729
16.594932
15.894285
15.333994
14.968151
14.426535
13.359353
11.650364
9.397775
7.157834
5.270549
3.672751
2.146642
0.558982
-0.995542
-2.450679
-3.853729
-5.197804
-6.494994
-7.785063
-9.070584
-10.324787
-11.545399
-12.743913
-13.885777
-14.904809
-15.759163
-16.436219
-16.931943
-17.269064
-17.524238
-17.866070
-18.386195
-19.010411
-19.512275
-19.734968
-19.887794
-19.836657
-19.484430
-18.947775
-17.672776
-15.765510
-13.183152
-10.302918
-7.545397
-4.991483
-2.570906
-0.146710
2.342566
4.866774
7.331945
9.542068
11.640908
13.348382
14.747135
15.979032
17.069760
18.055815
18.821176
19.281601
19.373019
19.153486
18.699723
18.176488
17.603076
16.931683
16.443881
16.304936
16.531616
17.067368
17.361291
16.409495
14.553313
12.949062
11.833378
11.178021
10.653242
9.095823
6.914117
4.944977
3.397346
2.021956
0.560373
-0.831886
-2.157733
-3.481759
-4.801624
-6.260245
-7.774262
-9.264674
-10.716569
-11.933229
-13.059555
-13.953564
-14.756108
-15.477182
-16.083627
-16.592329
-17.061400
-17.610273
-18.249950
-18.907828
-19.444505
-19.787658
-19.803952
-19.640554
-19.480174
-19.174313
-18.406746
-16.805453
-14.653729
-11.870591
-8.951794
-6.191814
-3.682204
-1.267701
1.258423
3.874590
6.566808
9.151377
11.411746
13.279056
14.761201
15.962062
17.024378
18.000867
18.767322
19.140246
18.991520
18.326898
17.367511
16.544421
15.826697
15.142943
14.795347
14.653497
15.103829
15.904573
15.483648
14.234635
12.908321
11.811626
10.912931
9.555016
7.414053
5.184670
3.219665
1.647968
0.285473
-0.985404
-2.145805
-3.352813
-4.644423
-6.055981
-7.604075
-9.251944
-10.860533
-12.361339
-13.665334
-14.754189
-15.827665
-16.901236
-17.885740
-18.599707
-18.965930
-19.203883
-19.607992
-20.139892
-20.607235
-20.909213
-21.082764
-21.048331
-21.155655
-21.095975
-20.831687
-19.859160
-18.150640
-15.850214
-13.094810
-10.179734
-7.369531
-4.779212
-2.302277
0.320844
3.049632
5.754057
8.262644
10.325405
12.031460
13.410560
14.615633
15.759149
16.786871
17.583397
18.069817
18.102715
17.678204
17.016524
16.291441
15.701974
15.586891
15.848942
16.130773
16.861849
17.882066
18.348165
16.974816
14.899733
13.383183
12.596915
12.266730
10.960977
8.575877
6.147574
4.188538
2.683649
1.230568
-0.076256
-1.296049
-2.501660
-3.793714
-5.249207
-6.851716
-8.445322
-10.005587
-11.435293
-12.641956
-13.748424
-14.822682
-15.810324
-16.686364
-17.423193
-18.080982
-18.739784
-19.426569
-20.090301
-20.608530
-20.870175
-20.890609
-20.991586
-20.843534
-20.394252
-19.372933
-17.896525
-15.881373
-13.380179
-10.663157
-7.955557
-5.389863
-2.922938
-0.302607
2.436514
5.158054
7.800637
10.165596
12.250261
13.598627
14.971314
16.537236
18.328817
19.465759
20.201688
20.441962
20.140243
19.332635
18.324092
17.501971
16.772140
16.449374
16.395649
16.487903
17.114807
17.925757
17.455400
15.944207
14.455926
13.119852
11.952496
10.251248
7.977038
5.843864
4.107343
2.770916
1.579950
0.479331
-0.699562
-2.001615
-3.439192
-4.980246
-6.631512
-8.362720
-10.063906
-11.583904
-12.814990
-13.946528
-15.051850
-16.055551
-16.918618
-17.602636
-18.169340
-18.722091
-19.172008
-19.717723
-20.284330
-20.564555
-20.674150
-20.888838
-20.876414
-20.546216
-19.497270
-17.884045
-15.637402
-12.888412
-9.979490
-7.169229
-4.561886
-1.980083
0.754580
3.484178
6.165772
8.730587
10.943276
12.821951
14.360540
15.702469
16.858669
17.866318
18.653123
19.110008
19.149922
18.722035
17.968514
17.215380
16.608758
15.884486
15.423236
15.317454
15.559840
16.361489
17.271779
16.673610
15.266178
14.080865
13.395259
13.052259
11.637927
9.201938
6.863547
5.000001
3.559218
2.211778
0.914159
-0.327782
-1.596778
-2.932125
-4.446730
-6.150764
-7.895001
-9.541507
-11.039885
-12.358694
-13.454367
-14.477061
-15.487610
-16.399627
-17.198324
-17.837247
-18.387107
-18.960940
-19.653366
-20.369815
-20.887028
-21.044709
-20.899755
-20.853510
-20.586324
-20.137093
-19.037917
-17.413388
-15.107312
-12.377108
-9.658121
-7.058779
-4.591345
-2.131666
0.459770
3.103131
5.759550
8.320414
10.550856
12.401981
14.037515
15.685214
17.386881
18.950894
20.140135
20.908946
21.264803
21.193732
20.684408
19.937080
19.070339
18.380393
17.685648
17.298642
17.133583
17.381833
17.753367
16.748413
15.307142
14.238205
12.927553
12.220244
10.707485
8.313553
5.892693
3.955653
2.468267
1.179904
0.029100
-1.053422
-2.238588
-3.588077
-5.094293
-6.737879
-8.427484
-10.116895
-11.668432
-12.980458
-14.130612
-15.268730
-16.390000
-17.426285
-18.242978
-18.781108
-19.123801
-19.447343
-19.799230
-20.150634
-20.428112
-20.541613
-20.423732
-20.358904
-20.075213
-19.631127
-18.482992
-16.683688
-14.359066
-11.582276
-8.793612
-6.242567
-3.876264
-1.484710
1.099191
3.749137
6.345392
8.759887
10.656158
12.188222
13.437952
14.651706
15.952098
17.260825
18.330799
19.009080
19.239797
19.006541
18.385818
17.555311
16.835211
16.254246
16.022082
16.124075
16.477047
17.196590
18.016185
18.239061
17.009075
15.484549
14.176772
13.555284
13.203179
11.900694
9.465011
6.978714
5.197968
3.918129
2.565365
1.097802
-0.285531
-1.642270
-3.041765
-4.554092
-6.144583
-7.754501
-9.277353
-10.651750
-11.859270
-12.905888
-13.936732
-14.997949
-16.030135
-16.921997
-17.614845
-18.181781
-18.745756
-19.294696
-19.789817
-20.180177
-20.457337
-20.605747
-20.761545
-20.722100
-20.387426
-19.340396
-17.819248
-15.662266
-13.073532
-10.304752
-7.607478
-5.129083
-2.702690
-0.026448
2.742693
5.487400
8.093691
10.366556
12.326893
14.007203
15.500599
16.877023
18.021800
18.808634
19.257083
19.308114
18.872903
18.121903
17.316703
16.625947
16.064482
15.951803
15.951093
16.465753
17.427986
17.479720
15.803421
14.304912
13.325123
12.554984
11.141745
8.699146
5.847366
3.356611
1.624387
0.323180
-0.782282
-1.864112
-3.059181
-4.394888
-5.952934
-7.732716
-9.529887
-11.197849
-12.607397
-13.707277
-14.622319
-15.378229
-16.134544
-16.866975
-17.317667
-17.616658
-17.906343
-18.361865
-18.948218
-19.597122
-20.113686
-20.518245
-20.764197
-21.197343
-21.544102
-21.908171
-21.631955
-20.631448
-19.073983
-16.905492
-14.480825
-11.954356
-9.523390
-7.149217
-4.585409
-1.790496
0.975530
3.649400
6.146494
8.438929
10.377915
11.925380
13.433265
15.039954
16.498289
17.718399
18.687264
19.296755
19.465245
19.204830
18.623209
17.958114
17.323420
16.646448
16.374691
16.406187
16.620253
17.096598
16.265683
14.868778
14.074010
13.744400
13.359485
11.577467
8.946101
6.501287
4.539644
3.016174
1.715273
0.577770
-0.510399
-1.708997
-3.122609
-4.752461
-6.558470
-8.380207
-10.150264
-11.745600
-13.088378
-14.199397
-15.295782
-16.419842
-17.470206
-18.369119
-18.985037
-19.419777
-19.856420
-20.410694
-21.010619
-21.541845
-21.978350
-22.513361
-22.705689
-22.410762
-21.401633
-20.009481
-18.182692
-15.886770
-13.295999
-10.589368
-7.899097
-5.230934
-2.374491
0.451784
3.134986
5.687871
8.137765
10.352793
12.238941
13.929846
15.517162
16.914499
18.056003
18.900748
19.336744
19.240995
18.739007
18.134793
17.704737
17.375779
16.963500
16.830131
16.780388
16.996486
17.648744
18.117039
16.979543
15.762988
14.922795
14.397232
13.755280
11.653064
8.941724
6.644125
4.956828
3.551719
2.258291
1.048094
-0.052243
-1.307099
-2.778330
-4.471106
-6.290880
-8.127380
-9.895435
-11.499709
-12.850030
-14.055015
-15.284230
-16.546213
-17.725537
-18.709494
-19.361579
-19.781175
-20.243030
-20.828057
-21.416726
-21.864502
-22.087682
-22.093416
-21.999916
-21.708577
-21.152740
-19.991243
-18.341927
-16.003258
-13.240128
-10.368910
-7.577667
-4.940475
-2.326295
0.401029
3.111831
5.722477
8.155864
10.248367
12.013888
13.536148
14.938569
16.316139
17.518646
18.327478
18.764504
18.837387
18.470715
17.731038
16.906213
16.412639
16.078017
16.000748
16.135081
16.530427
17.311336
17.854476
16.864793
15.134420
13.635090
13.044117
12.861519
11.628366
9.142825
6.497773
4.404836
2.896072
1.494390
0.318135
-0.787149
-2.116619
-3.746826
-5.554233
-7.331264
-9.060437
-10.760136
-12.253232
-13.472352
-14.554949
-15.676236
-16.802159
-17.859639
-18.799054
-19.594714
-20.286199
-20.959786
-21.615158
-22.119751
-22.246566
-22.314515
-22.217572
-21.916367
-20.877896
-19.285597
-17.084744
-14.369088
-11.486959
-8.716812
-6.014657
-3.375642
-0.691217
2.023716
4.743890
7.436721
9.876175
11.932865
13.611791
15.273563
16.690838
17.694990
18.503309
18.998192
19.071507
18.641692
17.791684
16.821521
16.021333
15.395959
15.357544
15.603759
16.181282
16.954854
17.725025
17.182104
15.537124
13.953984
12.985763
12.477867
11.556540
9.463985
7.031567
4.925188
3.346220
2.015272
0.773393
-0.323909
-1.467666
-2.746636
-4.194558
-5.848785
-7.593124
-9.245770
-10.744816
-12.050047
-13.122042
-14.104105
-15.082602
-16.002932
-16.793553
-17.504983
-18.184291
-18.862088
-19.518820
-20.092583
-20.550978
-20.854897
-20.888391
-20.880918
-20.918619
-20.926255
-20.380203
-19.184740
-17.289629
-14.725324
-11.849288
-9.086566
-6.628538
-4.373199
-1.984961
0.709179
3.552167
6.352795
8.892707
11.062889
12.933243
14.611756
16.104274
17.428236
18.532758
19.303483
19.716231
19.731638
19.371763
18.737591
18.042753
17.517931
16.990398
16.710552
16.555297
16.792285
17.431417
17.381505
15.812448
14.248885
13.228198
12.246995
10.964203
8.810524
6.310709
3.971142
2.240797
0.909639
-0.244980
-1.212797
-2.218795
-3.447593
-4.872019
-6.406485
-8.024731
-9.612695
-11.106678
-12.339268
-13.344711
-14.236645
-15.123391
-15.968830
-16.681075
-17.230188
-17.660581
-18.137759
-18.626528
-19.068304
-19.425734
-19.660567
-19.748481
-19.648516
-19.738009
-19.759268
-19.697282
-19.035785
-17.619254
-15.497980
-12.809322
-9.953189
-7.302899
-4.944540
-2.787916
-0.512840
2.008777
4.694042
7.232196
9.286154
10.850004
12.046240
12.933946
13.744588
14.522011
15.212903
15.692730
15.813540
15.391302
14.632215
13.918771
13.348404
12.688907
12.178199
11.989464
12.145590
12.766523
13.583773
13.397586
12.634414
11.832252
10.968717
9.935979
8.573011
6.546292
4.298594
2.328735
0.891590
-0.142453
-1.005743
-1.753255
-2.346542
-2.948651
-3.714702
-4.759588
-6.084080
-7.492221
-8.751851
-9.813873
-10.603381
-11.189371
-11.714950
-12.290950
-12.793859
-13.200440
-13.409601
-13.402080
-13.191173
-12.890771
-12.517972
-12.030568
-11.362310
-10.437516
-9.440718
-8.773128
-8.551206
-8.324726
-7.678748
-6.363985
-4.429742
-2.188433
0.130299
2.509465
4.834817
6.884923
8.456633
9.571505
10.290468
10.731433
10.902541
11.091212
11.327931
11.585785
11.798244
11.931689
12.000993
11.949578
11.744810
11.512816
11.310515
11.190832
11.029549
10.898283
10.772402
10.609022
10.404339
10.156729
9.860265
9.519031
9.152202
8.810684
8.550598
8.431808
8.305142
8.282986
8.342583
8.545872
8.903003
9.260687
9.525023
9.701723
9.751125
9.629720
9.301249
8.858944
7.943872
6.767458
5.629546
4.543129
3.398400
2.334381
1.170798
0.046574
-0.915099
-1.766419
-2.711395
-3.766002
-5.124556
-6.460724
-7.577882
-8.471574
-9.252369
-10.081300
-11.029648
-12.075962
-13.156070
-14.183489
-15.152518
-16.099615
-17.063039
-17.906634
-18.551351
-19.027652
-19.478407
-19.994820
-20.775388
-21.396007
-21.818722
-22.135870
-22.280484
-21.988762
-20.986310
-19.569745
-17.758989
-15.436872
-12.774557
-10.012578
-7.391718
-4.785570
-2.031801
0.801952
3.582888
6.209201
8.777268
11.147413
13.332276
15.285596
17.033183
18.471160
19.497494
20.162362
20.406018
20.157108
19.507348
18.795434
18.780150
18.773490
18.654312
18.877056
19.149484
19.703604
20.048312
19.078209
18.260396
17.624751
17.038551
15.645301
13.451680
11.117562
8.915688
7.033387
5.462546
4.032926
2.668972
1.349084
-0.068725
-1.666336
-3.447154
-5.348939
-7.130857
-8.872335
-10.519822
-12.001385
-13.341219
-14.604515
-15.748034
-16.865493
-17.676867
-18.285673
-18.845377
-19.407461
-20.158433
-20.853855
-21.397752
-21.860800
-22.237857
-22.268531
-21.932241
-20.940259
-19.372051
-17.156234
-14.417373
-11.598702
-8.979808
-6.600434
-4.166161
-1.637259
1.184069
4.050593
6.833551
9.428402
11.745629
13.656368
15.243281
16.581532
17.690254
18.639947
19.246494
19.403887
19.040019
18.343109
17.619600
16.880758
16.014207
15.588986
15.517075
16.014298
17.223411
17.440541
16.911970
16.588215
15.931887
14.650081
12.413523
9.884158
7.336127
5.153218
3.452551
1.947759
0.647845
-0.484891
-1.791839
-3.290584
-4.943039
-6.759864
-8.705509
-10.683111
-12.544867
-14.108375
-15.331281
-16.337275
-17.210422
-17.899146
-18.327926
-18.619686
-18.994559
-19.558158
-20.197851
-20.692231
-20.895398
-21.006031
-21.076916
-21.204826
-21.107313
-20.591282
-19.458132
-17.608030
-15.519217
-12.899412
-10.203489
-7.722575
-5.348006
-2.655855
0.246958
3.136907
5.884746
8.398130
10.719890
12.553968
14.056824
15.376379
16.586346
17.652706
18.453928
18.812368
18.468773
18.016450
17.394854
16.961045
16.556981
16.511367
16.640598
17.038364
17.963835
17.715854
16.141956
15.299549
14.886169
14.153535
11.712511
9.260886
6.787589
4.669498
2.999597
1.550589
0.339647
-0.777557
-2.028481
-3.432784
-4.995047
-6.718537
-8.531264
-10.315719
-11.923448
-13.201094
-14.239572
-15.173705
-16.048690
-16.904293
-17.644229
-18.356776
-19.085768
-19.759389
-20.288232
-20.680558
-21.002217
-21.388942
-21.690798
-21.444304
-20.401733
-19.004860
-17.075882
-14.614938
-11.874456
-9.165566
-6.633353
-4.115914
-1.313650
1.527299
4.253746
6.825672
9.120604
11.170386
13.023314
14.762598
16.362243
17.500660
18.639521
19.209126
19.328291
18.984680
18.344645
17.660688
17.164198
16.607918
16.340931
16.057939
16.205839
17.017741
16.935171
16.669327
16.077983
14.930809
13.847233
11.950450
9.400017
6.676866
4.313714
2.571197
1.130831
-0.174929
-1.279624
-2.380411
-3.701030
-5.294156
-7.125395
-9.108265
-11.022967
-12.760451
-14.193171
-15.236266
-16.039591
-16.703803
-17.464563
-18.113975
-18.670195
-19.208423
-19.805008
-20.321272
-20.696042
-20.925701
-20.951459
-20.985069
-20.861400
-20.509750
-19.614098
-18.062236
-15.843784
-12.922825
-10.011303
-7.232017
-4.810193
-2.448562
0.179089
3.026882
5.964458
8.542323
10.943278
12.883262
14.418145
15.660672
16.774801
17.866548
18.847270
19.526930
19.664903
19.306161
18.694413
18.214653
17.685540
17.389377
17.374853
17.583836
18.439855
19.094611
17.868719
16.335133
15.251546
14.442112
13.458363
11.393503
8.929991
6.395736
4.174782
2.777103
1.565467
0.473384
-0.614696
-2.093402
-3.649618
-5.472400
-7.344232
-9.204556
-10.942155
-12.408967
-13.471913
-14.290870
-15.095366
-15.921249
-16.786819
-17.758148
-18.814721
-19.859022
-20.740479
-21.397338
-21.860090
-22.007944
-22.043468
-22.035985
-21.720967
-20.546811
-18.918311
-16.616799
-13.673929
-10.710712
-8.078781
-5.699572
-3.261614
-0.466750
2.568809
5.590956
8.367193
10.728733
12.821875
14.682121
16.147038
17.391079
18.431644
19.170859
19.576944
19.514320
19.065994
18.533619
18.278747
18.101895
18.175085
18.276715
18.640881
19.513883
19.715181
18.308591
16.957246
16.107918
15.367091
13.807243
11.418201
8.868962
6.531449
4.732009
3.262318
1.910962
0.698372
-0.531813
-1.900092
-3.470387
-5.226897
-7.037666
-8.854161
-10.558145
-12.087502
-13.335776
-14.395481
-15.403949
-16.353499
-17.262144
-18.155161
-19.013199
-19.806145
-20.502736
-21.067565
-21.434496
-21.746791
-22.075540
-22.144690
-21.918948
-20.794177
-19.126606
-16.872679
-14.105093
-11.232044
-8.524560
-6.025226
-3.558001
-0.774061
2.259009
5.298842
8.125932
10.588668
12.765358
14.603452
16.185542
17.594689
18.787874
19.665751
20.143567
20.083922
19.556766
19.003637
18.266091
17.781550
17.544292
17.289750
17.259094
17.919984
18.532744
17.383429
15.904175
14.828284
14.008235
12.926623
10.940587
8.394096
5.829807
3.848066
2.217612
0.846103
-0.416798
-1.559120
-2.783253
-4.234686
-5.920589
-7.735892
-9.541720
-11.141736
-12.561901
-13.764622
-14.723702
-15.663557
-16.597550
-17.550761
-18.465670
-19.320150
-20.123593
-20.752823
-21.393977
-21.884202
-22.152413
-22.272598
-22.153470
-22.171255
-21.454132
-19.560792
-17.531459
-15.377395
-12.535232
-9.746408
-7.213013
-4.742630
-2.086762
0.782824
3.749537
6.579084
9.207767
11.503094
13.110279
14.584594
16.351063
17.384054
17.955941
18.390595
18.406541
17.901301
17.159599
16.717240
16.498958
16.561631
16.615463
16.700424
17.509921
18.667088
18.084792
16.118935
14.197230
12.559937
10.876095
9.530741
7.072025
4.606227
2.737249
1.379752
0.276868
-0.763271
-1.934088
-3.327018
-4.991378
-6.775325
-8.497322
-10.266003
-11.947494
-13.242310
-14.137896
-14.836572
-15.481089
-16.153552
-16.884117
-17.600823
-18.133482
-18.833046
-19.547965
-20.031348
-20.427775
-20.695826
-21.221358
-21.429960
-20.988271
-19.589736
-17.462855
-14.675604
-11.699844
-8.801123
-6.157514
-3.594921
-0.892057
2.122830
5.369213
8.636700
11.533791
14.094142
16.108514
17.721977
19.004457
20.115897
20.955943
21.418206
21.382366
20.759633
19.703439
18.754525
17.878467
17.535598
17.208673
16.876612
16.994789
16.309795
15.071539
14.388992
13.728421
13.043147
10.970291
8.455358
6.219010
4.265323
2.537160
1.030256
-0.234179
-1.501749
-2.869849
-4.398735
-6.162756
-8.043468
-9.954683
-11.756281
-13.296664
-14.483716
-15.436629
-16.304782
-17.190903
-18.135870
-19.038084
-19.808402
-20.477403
-21.032496
-21.426942
-21.659467
-21.810490
-22.442279
-23.185149
-23.316707
-22.252015
-20.791649
-18.733722
-16.247527
-13.685912
-11.106163
-8.587223
-5.924089
-2.855607
0.386973
3.389702
6.111275
8.610273
10.827186
12.731982
14.435933
16.029384
17.153046
18.295096
18.871722
19.040518
18.701589
18.075562
17.701600
17.480968
17.443745
17.779261
18.434318
19.612409
20.360507
18.955574
17.738969
17.348315
16.749546
14.695338
11.919543
9.328642
7.173389
5.494607
4.062398
2.726384
1.499149
0.130508
-1.591276
-3.519197
-5.462497
-7.394417
-9.316316
-11.129583
-12.741382
-14.072678
-15.245106
-16.298494
-17.257244
-18.111534
-18.853735
-19.545865
-20.274510
-20.899178
-21.444060
-21.718682
-21.942259
-22.031956
-22.119991
-21.898589
-21.297808
-20.061933
-18.102170
-15.326767
-12.288062
-9.374221
-6.712490
-4.077653
-1.246893
1.705618
4.697861
7.590513
10.162833
12.434778
14.314494
15.851558
16.989229
18.301677
19.250897
19.893064
20.090116
19.786165
19.030059
18.211603
17.613124
17.059218
16.996374
17.059304
17.483160
18.408641
18.860421
17.375824
15.519801
14.166930
13.432772
12.774224
10.980141
8.360883
5.812068
3.796353
2.308040
0.941032
-0.301354
-1.636028
-3.188177
-4.922242
-6.743452
-8.566564
-10.424210
-12.263222
-13.936364
-15.285147
-16.400372
-17.254834
-18.120661
-18.803030
-19.432521
-20.123727
-20.803845
-21.422745
-21.931948
-22.227222
-22.479905
-22.520224
-22.243663
-21.123754
-19.262139
-16.665546
-13.488366
-10.257532
-7.453769
-4.731634
-2.091420
0.734018
3.775084
6.877924
9.751622
12.099225
14.008609
15.519700
16.740448
17.626383
18.191848
18.549629
18.571556
18.074889
17.141139
16.406849
16.354040
16.256468
16.688313
16.745572
16.959860
17.100270
15.603369
13.514242
12.052800
11.198968
10.722645
9.222491
6.731062
4.263217
2.353576
0.854976
-0.327572
-1.354888
-2.514865
-3.974776
-5.668745
-7.455341
-9.184109
-10.977444
-12.750619
-14.274189
-15.513852
-16.615814
-17.629530
-18.500365
-19.172147
-19.702393
-20.115185
-20.508662
-20.966489
-21.440439
-21.827335
-22.348500
-22.805715
-22.798449
-21.999032
-20.370385
-17.846935
-15.143174
-11.948502
-8.815178
-6.055515
-3.617544
-0.970690
1.939884
4.988602
7.881942
10.257394
12.238856
13.766830
14.925182
16.301618
17.286328
18.352322
18.914236
19.061634
18.753126
18.048018
17.265370
16.742495
16.661017
17.100084
17.569570
17.923759
18.457068
18.790759
18.228065
16.205484
14.231689
13.046852
12.536160
12.284410
10.671465
8.001915
5.698878
4.151587
2.914903
1.762076
0.619676
-0.661511
-2.233537
-4.029665
-5.729217
-7.297351
-8.859611
-10.351147
-11.604270
-12.646100
-13.644225
-14.634335
-15.591334
-16.462343
-17.311226
-18.157161
-18.952198
-19.688349
-20.294006
-20.649162
-20.733438
-20.859117
-20.873795
-20.611757
-19.570736
-17.987820
-15.731625
-12.955959
-10.044429
-7.356640
-4.887544
-2.587016
-0.060718
2.732209
5.602504
8.288034
10.397913
11.980005
13.375210
14.439074
15.443119
16.330863
16.969742
17.248813
17.177702
16.638549
15.721484
14.771655
14.122073
13.995798
14.587921
15.069170
15.710983
16.577733
16.229120
14.862866
13.475449
12.445988
11.688320
10.300772
8.194646
5.938731
3.875046
2.253822
0.879409
-0.310081
-1.245706
-2.202421
-3.263724
-4.516531
-5.946508
-7.438013
-8.924315
-10.304763
-11.407346
-12.198784
-12.827239
-13.530395
-14.276667
-15.041479
-15.772374
-16.430929
-17.025242
-17.477526
-17.764980
-17.810086
-17.601640
-17.456229
-17.320601
-17.270790
-16.784476
-15.758737
-14.131202
-11.793158
-9.149733
-6.667636
-4.360367
-2.164976
-0.066084
1.874980
3.636840
5.264629
6.789996
8.036366
8.892974
9.577878
10.298541
11.036812
11.762595
12.442170
12.985087
13.285334
13.340325
13.200091
12.979950
12.737753
12.508002
12.323236
