





p701 HIP CALC ROWS
61
62
63
64
65
66
67
68
69
70
71
72
73
74
75
76
77
78
79
80
81
82
83
84
85
86
87
88
89
90
91
92
93
94
95
96
97
98
99
100
101
102
103
104
105
106
107
108
109
110
111
112
113
114
115
116
117
118
119
120
121
122
123
124
125
126
127
128
129
130
131
132
133
134
135
136
137
138
139
140
141
142
143
144
145
146
147
148
149
150
151
152
153
154
155
156
157
158
159
160
161
162
163
164
165
166
167
168
169
170
171
172
173
174
175
176
177
178
179
180
181
182
183
184
185
186
187
188
189
190
191
192
193
194
195
196
197
198
199
200
201
202
203
204
205
206
207
208
209
210
211
212
213
214
215
216
217
218
219
220
221
222
223
224
225
226
227
228
229
230
231
232
233
234
235
236
237
238
239
240
241
242
243
244
245
246
247
248
249
250
251
252
253
254
255
256
257
258
259
260
261
262
263
264
265
266
267
268
269
270
271
272
273
274
275
276
277
278
279
280
281
282
283
284
285
286
287
288
289
290
291
292
293
294
295
296
297
298
299
300
301
302
303
304
305
306
307
308
309
310
311
312
313
314
315
316
317
318
319
320
321
322
323
324
325
326
327
328
329
330
331
332
333
334
335
336
337
338
339
340
341
342
343
344
345
346
347
348
349
350
351
352
353
354
355
356
357
358
359
360
361
362
363
364
365
366
367
368
369
370
371
372
373
374
375
376
377
378
379
380
381
382
383
384
385
386
387
388
389
390
391
392
393
394
395
396
397
398
399
400
401
402
403
404
405
406
407
408
409
410
411
412
413
414
415
416
417
418
419
420
421
422
423
424
425
426
427
428
429
430
431
432
433
434
435
436
437
438
439
440
441
442
443
444
445
446
447
448
449
450
451
452
453
454
455
456
457
458
459
460
461
462
463
464
465
466
467
468
469
470
471
472
473
474
475
476
477
478
479
480
481
482
483
484
485
486
487
488
489
490
491
492
493
494
495
496
497
498
499
500
501
502
503
504
505
506
507
508
509
510
511
512
513
514
515
516
517
518
519
520
521
522
523
524
525
526
527
528
529
530
531
532
533
534
535
536
537
538
539
540
541
542
543
544
545
546
547
548
549
550
551
552
553
554
555
556
557
558
559
560
561
562
563
564
565
566
567
568
569
570
571
572
573
574
575
576
577
578
579
580
581
582
583
584
585
586
587
588
589
590
591
592
593
594
595
596
597
598
599
600
601
602
603
604
605
606
607
608
609
610
611
612
613
614
615
616
617
618
619
620
621
622
623
624
625
626
627
628
629
630
631
632
633
634
635
636
637
638
639
640
641
642
643
644
645
646
647
648
649
650
651
652
653
654
655
656
657
658
659
660
661
662
663
664
665
666
667
668
669
670
671
672
673
674
675
676
677
678
679
680
681
682
683
684
685
686
687
688
689
690
691
692
693
694
695
696
697
698
699
700
701
702
703
704
705
706
707
708
709
710
711
712
713
714
715
716
717
718
719
720
721
722
723
724
725
726
727
728
729
730
731
732
733
734
735
736
737
738
739
740
741
742
743
744
745
746
747
748
749
750
751
752
753
754
755
756
757
758
759
760
761
762
763
764
765
766
767
768
769
770
771
772
773
774
775
776
777
778
779
780
781
782
783
784
785
786
787
788
789
790
791
792
793
794
795
796
797
798
799
800
801
802
803
804
805
806
807
808
809
810
811
812
813
814
815
816
817
818
819
820
821
822
823
824
825
826
827
828
829
830
831
832
833
834
835
836
837
838
839
840
841
842
843
844
845
846
847
848
849
850
851
852
853
854
855
856
857
858
859
860
861
862
863
864
865
866
867
868
869
870
871
872
873
874
875
876
877
878
879
880
881
882
883
884
885
886
887
888
889
890
891
892
893
894
895
896
897
898
899
900






p701 HIP CALC VALUES
-9.814245
-9.798850
-9.786943
-9.779736
-9.781629
-9.787852
-9.772195
-9.772612
-9.766840
-9.769491
-9.778250
-9.789849
-9.773306
-9.781298
-9.790018
-9.794808
-9.805769
-9.817528
-9.796997
-9.804178
-9.812823
-9.819245
-9.822469
-9.824334
-9.777323
-9.727528
-9.643911
-9.559341
-9.498924
-9.421171
-9.293503
-9.197636
-9.100823
-8.997934
-8.916415
-8.876034
-8.838099
-8.786176
-8.724790
-8.675657
-8.603084
-8.489136
-8.323154
-8.109132
-7.803516
-7.431747
-7.032884
-6.652849
-6.369819
-6.161257
-5.983529
-5.812256
-5.652663
-5.505671
-5.364333
-5.115714
-4.762442
-4.351507
-3.855076
-3.153030
-2.204554
-0.985137
0.379158
1.886609
3.526306
5.244766
6.904043
8.741770
10.529697
12.210026
13.860173
15.218444
16.045212
16.848146
17.595002
18.261443
18.846352
19.291939
19.474006
19.687439
19.888364
20.098165
20.312642
20.482593
20.517831
20.557464
20.583205
20.640865
20.755088
20.871697
20.854467
20.728244
20.428607
19.944658
19.213220
18.285053
18.163884
18.806013
19.380908
19.425052
17.800533
15.490868
13.885609
12.811475
11.986145
11.130958
10.053416
8.564643
6.685996
4.697889
2.954509
1.495337
0.139448
-1.265993
-2.695290
-4.125032
-5.374012
-6.527827
-7.675121
-8.834072
-9.933710
-11.036386
-12.063028
-13.479624
-14.920773
-16.435575
-17.719030
-19.088840
-20.539366
-21.516987
-22.114833
-22.655816
-23.145642
-23.713932
-24.108923
-24.132523
-23.758775
-22.687950
-20.850706
-18.364349
-15.198764
-11.555147
-7.938375
-4.532361
-1.407988
1.508947
4.266916
6.806701
9.182320
11.524875
13.889609
16.222311
18.274998
19.939942
20.940655
21.454471
21.423010
20.968197
20.005177
18.567835
17.133690
16.233146
15.782577
15.781720
16.041226
16.358694
16.526594
15.850667
14.922828
14.693370
15.072477
15.649387
14.629054
12.033793
9.902779
8.194640
6.779300
5.500259
4.133517
2.616046
0.907051
-0.761736
-2.288785
-3.597050
-4.768066
-5.983535
-7.221532
-8.440423
-9.695121
-10.963270
-12.150711
-13.315256
-14.802338
-16.255542
-17.764164
-19.095495
-20.265886
-21.318182
-22.131197
-22.910224
-23.500608
-24.027150
-24.599285
-25.002430
-24.989559
-24.348727
-22.851296
-20.594693
-17.710079
-14.298320
-10.641953
-7.227811
-4.183292
-1.359488
1.438857
4.117989
6.678497
9.212630
11.751152
14.101524
16.123939
17.831487
19.066275
19.915289
20.307407
20.174419
19.448402
18.132196
16.400064
14.728090
13.545107
13.021025
13.598450
14.491295
15.324048
15.834940
15.235201
13.587224
12.389145
12.334865
13.002694
12.958011
11.344402
9.317572
7.382410
5.355329
3.760482
2.376422
1.014377
-0.437661
-1.953293
-3.424796
-4.791578
-6.031381
-7.198367
-8.319684
-9.394611
-10.533133
-11.812519
-13.106118
-14.342303
-15.794269
-17.318277
-18.781189
-19.906242
-20.949291
-21.991581
-22.773778
-23.461690
-24.043524
-24.590110
-25.197583
-25.739739
-26.142754
-26.011577
-24.965061
-22.929096
-20.161095
-16.829855
-13.258499
-9.685094
-6.284014
-3.252003
-0.412369
2.363175
4.950621
7.311634
9.641668
11.946754
14.068329
15.820794
17.194819
18.102888
18.574980
18.595042
18.236300
17.459515
16.183591
14.619357
13.277372
12.278213
11.715029
11.892400
12.217138
12.438757
12.388441
12.266735
12.888165
13.681969
13.934953
12.363147
9.688178
7.606286
5.985329
4.839631
3.790530
2.611009
1.228065
-0.228819
-1.575942
-2.862678
-4.120526
-5.336502
-6.474829
-7.628234
-8.926031
-10.380459
-11.770051
-12.912966
-14.075146
-15.425614
-16.572332
-17.624251
-18.616504
-19.513208
-20.287440
-20.775284
-21.137983
-21.449209
-21.668587
-21.798939
-21.613554
-20.843476
-19.339938
-17.256816
-14.820474
-12.050804
-8.989851
-5.912365
-3.115233
-0.642118
1.662397
4.007702
6.204054
8.299041
10.280890
12.078690
13.563492
14.669524
15.428282
15.874871
15.938127
15.482222
14.534393
13.348151
12.135199
11.025208
10.155089
9.731420
9.896659
10.318471
10.549021
10.306002
10.090906
10.083875
9.936389
9.503607
9.290972
9.234720
9.019974
8.758634
8.747196
8.852370
8.897741
9.010713
9.131981
9.039774
8.756763
8.363979
7.855778
7.256580
6.659902
6.023688
5.318393
4.604518
3.888584
3.124289
2.302820
1.394833
0.323282
-1.024936
-2.635489
-4.108926
-4.882810
-4.622431
-3.815604
-3.092836
-2.915764
-3.263555
-3.912111
-4.604495
-5.155276
-5.477266
-5.586513
-5.554732
-5.592550
-5.768788
-6.152079
-6.658721
-7.162034
-7.519763
-7.824102
-8.148696
-8.715420
-9.181268
-9.335938
-9.039416
-8.386408
-7.390552
-6.203972
-4.957464
-3.611001
-2.277687
-0.789351
0.576726
2.024111
3.475831
4.970364
6.480668
7.879346
9.135881
10.500898
11.765469
12.887509
13.953313
14.912787
15.848179
16.751431
17.525966
18.169819
18.744818
19.127391
19.399907
19.557570
19.545212
19.428290
19.293440
19.243659
19.416954
19.767948
20.095101
20.119925
19.718116
18.828986
17.453559
17.078120
17.794240
18.760837
18.390432
15.853776
13.297433
11.117449
9.532647
8.367105
6.838205
5.044479
2.985270
1.003032
-0.705310
-2.117503
-3.506040
-4.811210
-6.145695
-7.614940
-9.205068
-10.764916
-12.192697
-13.339290
-14.928998
-16.848773
-18.458620
-19.671386
-20.962386
-22.016701
-22.837820
-23.518258
-24.161956
-24.633229
-24.740810
-24.173859
-22.487509
-19.990584
-17.108989
-13.902759
-10.499794
-7.135273
-4.073913
-1.273524
1.442862
4.151778
6.770527
9.467354
12.020564
14.379835
16.566705
18.299998
19.470433
20.096759
20.195895
19.818547
19.006629
17.820875
16.440086
15.234131
14.293095
13.875957
14.320226
15.012862
15.674376
15.954794
15.326015
14.120159
13.892924
14.669051
15.432713
14.268177
11.483852
9.248053
7.392615
5.942462
4.631007
3.232498
1.659123
-0.124111
-1.910987
-3.497797
-4.941937
-6.324996
-7.688968
-9.030143
-10.394839
-11.801927
-13.193108
-14.529765
-15.725244
-17.201284
-18.881307
-20.562696
-22.001771
-23.015719
-23.944710
-24.669735
-25.408308
-25.891992
-26.262509
-26.482841
-26.438600
-25.900410
-24.551857
-22.477269
-19.867531
-16.853168
-13.610338
-10.274022
-7.113492
-4.232082
-1.397368
1.381474
4.035404
6.579324
9.154104
11.687803
14.029759
16.017549
17.542646
18.546218
19.055835
19.146201
18.879958
18.201908
17.044553
15.561604
14.157325
12.818988
12.201459
12.626922
13.339508
13.860614
13.907280
13.751616
14.311667
15.394841
16.141614
14.382192
11.051883
8.682222
7.110789
6.023705
4.887474
3.511659
1.870047
0.004953
-1.705407
-3.249231
-4.615480
-5.884171
-7.131892
-8.404211
-9.666276
-10.930317
-12.263845
-13.579550
-14.800576
-16.308230
-18.069742
-19.796257
-21.379947
-22.537242
-23.534556
-24.378558
-25.035678
-25.470577
-25.818278
-25.907405
-25.690118
-24.911108
-23.183555
-20.826237
-18.001761
-14.853580
-11.473805
-8.221439
-5.352277
-2.718330
-0.114703
2.447494
4.945575
7.285705
9.552868
11.633964
13.431008
14.858122
15.812524
16.257166
16.117398
15.353832
14.107001
12.674298
11.473159
10.589515
9.849437
9.330305
9.321822
9.513421
9.921910
10.399666
10.617577
10.139000
9.408398
9.711293
10.473536
11.451845
11.216978
9.752381
8.390728
6.891884
5.467858
4.359988
3.631009
3.139731
2.418550
1.631210
0.808516
-0.118479
-0.863353
-1.337850
-1.710724
-2.160550
-2.711715
-3.275193
-3.862363
-4.447888
-4.913079
-5.267378
-5.490306
-5.655485
-5.797905
-5.914975
-5.966812
-5.840026
-5.571374
-5.203378
-4.784317
-4.373171
-3.928715
-3.417741
-2.789501
-2.070207
-1.319149
-0.472426
0.657060
2.180341
4.016412
5.860431
7.317401
8.412477
9.217027
9.753545
10.099109
10.325791
10.450697
10.561849
10.653974
10.805324
11.049476
11.322111
11.556361
11.776054
11.871510
11.881640
11.818392
11.645761
11.364588
11.119336
10.929916
10.860312
10.904684
11.015353
11.080992
11.156654
11.274722
11.435928
11.600264
11.673672
11.567385
11.403507
11.195247
10.925745
10.605709
10.259959
9.894961
9.599859
9.207687
8.622417
7.656175
6.385800
5.577246
5.436780
5.346077
4.649129
3.312058
2.146547
1.329454
0.669407
-0.035962
-0.628353
-1.055738
-1.473516
-1.972563
-2.406557
-2.704499
-2.845972
-2.851532
-2.706841
-2.529668
-2.476049
-2.560497
-2.668856
-2.769372
-2.928595
-3.093343
-3.229101
-3.389414
-3.607033
-3.892162
-4.181551
-4.479112
-4.778083
-5.129185
-5.533025
-6.007954
-6.445269
-6.768112
-6.965681
-7.152921
-7.377820
-7.619096
-7.822103
-8.059743
-8.215671
-8.262516
-8.219793
-8.229809
-8.352535
-8.555615
-8.836303
-9.162166
-9.519010
-9.907519
-10.351907
-10.827632
-11.318485
-11.840919
-12.416614
-13.027473
-13.526018
-13.877828
-14.210887
-14.531962
-14.792699
-15.027304
-15.240853
-15.361819
-15.425739
-15.465692
-15.509475
-15.577522
-15.683861
-15.777868
-15.910595
-16.028186
-16.143174
-16.276982
-16.424756
-16.537593
-16.670038
-16.770079
-16.824057
-16.835787
-16.851113






p701 HIP ACTUAL ROWS ROWS
61
62
63
64
65
66
67
68
69
70
71
72
73
74
75
76
77
78
79
80
81
82
83
84
85
86
87
88
89
90
91
92
93
94
95
96
97
98
99
100
101
102
103
104
105
106
107
108
109
110
111
112
113
114
115
116
117
118
119
120
121
122
123
124
125
126
127
128
129
130
131
132
133
134
135
136
137
138
139
140
141
142
143
144
145
146
147
148
149
150
151
152
153
154
155
156
157
158
159
160
161
162
163
164
165
166
167
168
169
170
171
172
173
174
175
176
177
178
179
180
181
182
183
184
185
186
187
188
189
190
191
192
193
194
195
196
197
198
199
200
201
202
203
204
205
206
207
208
209
210
211
212
213
214
215
216
217
218
219
220
221
222
223
224
225
226
227
228
229
230
231
232
233
234
235
236
237
238
239
240
241
242
243
244
245
246
247
248
249
250
251
252
253
254
255
256
257
258
259
260
261
262
263
264
265
266
267
268
269
270
271
272
273
274
275
276
277
278
279
280
281
282
283
284
285
286
287
288
289
290
291
292
293
294
295
296
297
298
299
300
301
302
303
304
305
306
307
308
309
310
311
312
313
314
315
316
317
318
319
320
321
322
323
324
325
326
327
328
329
330
331
332
333
334
335
336
337
338
339
340
341
342
343
344
345
346
347
348
349
350
351
352
353
354
355
356
357
358
359
360
361
362
363
364
365
366
367
368
369
370
371
372
373
374
375
376
377
378
379
380
381
382
383
384
385
386
387
388
389
390
391
392
393
394
395
396
397
398
399
400
401
402
403
404
405
406
407
408
409
410
411
412
413
414
415
416
417
418
419
420
421
422
423
424
425
426
427
428
429
430
431
432
433
434
435
436
437
438
439
440
441
442
443
444
445
446
447
448
449
450
451
452
453
454
455
456
457
458
459
460
461
462
463
464
465
466
467
468
469
470
471
472
473
474
475
476
477
478
479
480
481
482
483
484
485
486
487
488
489
490
491
492
493
494
495
496
497
498
499
500
501
502
503
504
505
506
507
508
509
510
511
512
513
514
515
516
517
518
519
520
521
522
523
524
525
526
527
528
529
530
531
532
533
534
535
536
537
538
539
540
541
542
543
544
545
546
547
548
549
550
551
552
553
554
555
556
557
558
559
560
561
562
563
564
565
566
567
568
569
570
571
572
573
574
575
576
577
578
579
580
581
582
583
584
585
586
587
588
589
590
591
592
593
594
595
596
597
598
599
600
601
602
603
604
605
606
607
608
609
610
611
612
613
614
615
616
617
618
619
620
621
622
623
624
625
626
627
628
629
630
631
632
633
634
635
636
637
638
639
640
641
642
643
644
645
646
647
648
649
650
651
652
653
654
655
656
657
658
659
660
661
662
663
664
665
666
667
668
669
670
671
672
673
674
675
676
677
678
679
680
681
682
683
684
685
686
687
688
689
690
691
692
693
694
695
696
697
698
699
700
701
702
703
704
705
706
707
708
709
710
711
712
713
714
715
716
717
718
719
720
721
722
723
724
725
726
727
728
729
730
731
732
733
734
735
736
737
738
739
740
741
742
743
744
745
746
747
748
749
750
751
752
753
754
755
756
757
758
759
760
761
762
763
764
765
766
767
768
769
770
771
772
773
774
775
776
777
778
779
780
781
782
783
784
785
786
787
788
789
790
791
792
793
794
795
796
797
798
799
800
801
802
803
804
805
806
807
808
809
810
811
812
813
814
815
816
817
818
819
820
821
822
823
824
825
826
827
828
829
830
831
832
833
834
835
836
837
838
839
840
841
842
843
844
845
846
847
848
849
850
851
852
853
854
855
856
857
858
859
860
861
862
863
864
865
866
867
868
869
870
871
872
873
874
875
876
877
878
879
880
881
882
883
884
885
886
887
888
889
890
891
892
893
894
895
896
897
898
899
900






p701 HIP ACTUAL VALUES
-9.814251
-9.798759
-9.786898
-9.779796
-9.781623
-9.787920
-9.772217
-9.772589
-9.766919
-9.769446
-9.778250
-9.789821
-9.773391
-9.781300
-9.790059
-9.794844
-9.805823
-9.817429
-9.797038
-9.804137
-9.812867
-9.819293
-9.822418
-9.824377
-9.777327
-9.727545
-9.643878
-9.559360
-9.498955
-9.421164
-9.293568
-9.197634
-9.100798
-8.997837
-8.916439
-8.876104
-8.838084
-8.786238
-8.724834
-8.675766
-8.603084
-8.489202
-8.323229
-8.109133
-7.803558
-7.431738
-7.032932
-6.652959
-6.369853
-6.161337
-5.983542
-5.812288
-5.652604
-5.505639
-5.364237
-5.115817
-4.762465
-4.351530
-3.855126
-3.153025
-2.204547
-0.985144
0.379160
1.886566
3.526282
5.244784
6.903967
8.741741
10.529668
12.209981
13.860144
15.218482
16.045223
16.848122
17.594966
18.261462
18.846324
19.292003
19.474047
19.687437
19.888417
20.098187
20.312587
20.482615
20.517767
20.557520
20.583182
20.640895
20.755105
20.871727
20.854545
20.728210
20.428596
19.944583
19.213206
18.285037
18.163856
18.806013
19.380908
19.425052
17.800533
15.490868
13.885609
12.811475
11.986145
11.130958
10.053416
8.564643
6.685996
4.697889
2.954509
1.495337
0.139448
-1.265993
-2.695290
-4.125032
-5.374012
-6.527827
-7.675124
-8.833999
-9.933772
-11.036425
-12.063099
-13.479627
-14.920692
-16.435643
-17.719093
-19.088932
-20.539329
-21.516913
-22.114771
-22.655770
-23.145741
-23.714013
-24.108850
-24.132514
-23.758696
-22.687976
-20.850695
-18.364349
-15.198808
-11.555147
-7.938375
-4.532361
-1.407983
1.508986
4.266845
6.806644
9.182404
11.524822
13.889570
16.222353
18.275034
19.939995
20.940597
21.454447
21.422976
20.968114
20.005190
18.567882
17.133638
16.233092
15.782603
15.781707
16.041226
16.358694
16.526594
15.850667
14.922828
14.693370
15.072477
15.649387
14.629054
12.033793
9.902779
8.194640
6.779300
5.500259
4.133517
2.616046
0.907051
-0.761736
-2.288785
-3.597050
-4.768130
-5.983499
-7.221623
-8.440444
-9.695145
-10.963327
-12.150673
-13.315323
-14.802321
-16.255623
-17.764146
-19.095484
-20.265921
-21.318178
-22.131179
-22.910213
-23.500562
-24.027084
-24.599271
-25.002447
-24.989532
-24.348756
-22.851298
-20.594629
-17.710117
-14.298394
-10.641984
-7.227815
-4.183377
-1.359533
1.438779
4.117943
6.678510
9.212584
11.751159
14.101478
16.124013
17.831529
19.066254
19.915216
20.307400
20.174511
19.448322
18.132183
16.400012
14.728100
13.545091
13.021072
13.598450
14.491295
15.324048
15.834940
15.235121
13.587185
12.389124
12.334904
13.002622
12.958037
11.344442
9.317587
7.382392
5.355310
3.760464
2.376383
1.014423
-0.437731
-1.953268
-3.424726
-4.791512
-6.031386
-7.198482
-8.319734
-9.394617
-10.533164
-11.812623
-13.106109
-14.342313
-15.794204
-17.318186
-18.781249
-19.906209
-20.949340
-21.991524
-22.773775
-23.461633
-24.043507
-24.590105
-25.197600
-25.739657
-26.142819
-26.011530
-24.965167
-22.929219
-20.161005
-16.829850
-13.258445
-9.685094
-6.284014
-3.252003
-0.412369
2.363200
4.950660
7.311610
9.641666
11.946840
14.068360
15.820735
17.194765
18.102965
18.574968
18.594940
18.236281
17.459484
16.183610
14.619334
13.277377
12.278237
11.715089
11.892400
12.217138
12.438757
12.388508
12.266745
12.888165
13.681969
13.934953
12.363147
9.688178
7.606286
5.985329
4.839631
3.790530
2.611009
1.228065
-0.228819
-1.575942
-2.862678
-4.120526
-5.336502
-6.474829
-7.628234
-8.926031
-10.380459
-11.770045
-12.913027
-14.075107
-15.425624
-16.572392
-17.624199
-18.616443
-19.513254
-20.287489
-20.775316
-21.137902
-21.449246
-21.668588
-21.798944
-21.613505
-20.843542
-19.339891
-17.256858
-14.820411
-12.050761
-8.989865
-5.912387
-3.115286
-0.642167
1.662370
4.007668
6.204124
8.299064
10.280890
12.078749
13.563550
14.669472
15.428362
15.874915
15.938130
15.482149
14.534500
13.348096
12.135139
11.025247
10.155112
9.731323
9.896686
10.318448
10.548999
10.305995
10.090822
10.083822
9.936459
9.503625
9.290999
9.234679
9.019986
8.758611
8.747157
8.852324
8.897787
9.010722
9.131926
9.039770
8.756718
8.364062
7.855773
7.256630
6.659824
6.023720
5.318404
4.604584
3.888519
3.124290
2.302846
1.394743
0.323319
-1.024873
-2.635564
-4.108893
-4.882844
-4.622461
-3.815619
-3.092883
-2.915715
-3.263581
-3.912100
-4.604426
-5.155319
-5.477238
-5.586552
-5.554808
-5.592532
-5.768874
-6.152146
-6.658662
-7.162037
-7.519783
-7.824170
-8.148683
-8.715406
-9.181222
-9.335995
-9.039490
-8.386441
-7.390653
-6.203973
-4.957412
-3.611068
-2.277621
-0.789344
0.576720
2.024073
3.475787
4.970301
6.480638
7.879436
9.135859
10.500892
11.765484
12.887481
13.953336
14.912859
15.848229
16.751507
17.525940
18.169844
18.744866
19.127434
19.399954
19.557548
19.545220
19.428235
19.293500
19.243576
19.416993
19.767943
20.095132
20.119830
19.718137
18.828991
17.453510
17.078116
17.794240
18.760837
18.390432
15.853776
13.297433
11.117449
9.532647
8.367105
6.838205
5.044479
2.985270
1.003032
-0.705310
-2.117503
-3.506040
-4.811210
-6.145695
-7.614940
-9.205068
-10.764916
-12.192777
-13.339223
-14.929005
-16.848898
-18.458587
-19.671395
-20.962382
-22.016708
-22.837813
-23.518305
-24.162012
-24.633176
-24.740827
-24.173789
-22.487571
-19.990592
-17.108952
-13.902831
-10.499816
-7.135257
-4.073883
-1.273517
1.442850
4.151820
6.770551
9.467425
12.020469
14.379874
16.566659
18.300051
19.470366
20.096840
20.195860
19.818555
19.006577
17.820991
16.440107
15.234109
14.293064
13.875966
14.320226
15.012862
15.674376
15.954794
15.326015
14.120159
13.892924
14.669051
15.432713
14.268177
11.483852
9.248053
7.392615
5.942462
4.631007
3.232498
1.659123
-0.124111
-1.910987
-3.497797
-4.941937
-6.324992
-7.688899
-9.030124
-10.394826
-11.801858
-13.193039
-14.529753
-15.725301
-17.201332
-18.881406
-20.562751
-22.001793
-23.015754
-23.944589
-24.669689
-25.408273
-25.891933
-26.262492
-26.482859
-26.438664
-25.900456
-24.551905
-22.477251
-19.867536
-16.853218
-13.610338
-10.274022
-7.113492
-4.232082
-1.397367
1.381499
4.035315
6.579325
9.154046
11.687808
14.029783
16.017559
17.542625
18.546228
19.055819
19.146145
18.879985
18.201914
17.044565
15.561518
14.157297
12.818907
12.201494
12.626922
13.339508
13.860614
13.907318
13.751614
14.311709
15.394770
16.141660
14.382204
11.051780
8.682220
7.110782
6.023697
4.887502
3.511599
1.870004
0.004991
-1.705378
-3.249267
-4.615590
-5.884089
-7.131790
-8.404203
-9.666274
-10.930260
-12.263869
-13.579621
-14.800502
-16.308312
-18.069729
-19.796255
-21.379996
-22.537221
-23.534482
-24.378535
-25.035759
-25.470631
-25.818186
-25.907465
-25.690103
-24.911206
-23.183604
-20.826303
-18.001778
-14.853491
-11.473850
-8.221456
-5.352288
-2.718292
-0.114679
2.447564
4.945585
7.285640
9.552948
11.634018
13.430987
14.858156
15.812456
16.257162
16.117353
15.353826
14.106978
12.674284
11.473124
10.589520
9.849367
9.330258
9.321822
9.513421
9.921910
10.399637
10.617578
10.138998
9.408406
9.711293
10.473536
11.451845
11.216978
9.752381
8.390728
6.891884
5.467858
4.359988
3.631009
3.139731
2.418550
1.631210
0.808516
-0.118479
-0.863353
-1.337850
-1.710724
-2.160550
-2.711715
-3.275193
-3.862317
-4.447883
-4.913130
-5.267408
-5.490369
-5.655420
-5.797992
-5.914965
-5.966830
-5.840064
-5.571316
-5.203386
-4.784363
-4.373112
-3.928735
-3.417713
-2.789429
-2.070180
-1.319174
-0.472519
0.657040
2.180264
4.016432
5.860433
7.317438
8.412462
9.217014
9.753581
10.099211
10.325804
10.450654
10.561842
10.653963
10.805265
11.049480
11.322100
11.556362
11.776051
11.871586
11.881559
11.818398
11.645764
11.364554
11.119366
10.929955
10.860278
10.904631
11.015382
11.080985
11.156640
11.274644
11.435985
11.600256
11.673737
11.567389
11.403554
11.195255
10.925830
10.605754
10.259936
9.895041
9.599875
9.207650
8.622433
7.656215
6.385890
5.577248
5.436780
5.346077
4.649129
3.312058
2.146547
1.329454
0.669407
-0.035962
-0.628353
-1.055738
-1.473516
-1.972563
-2.406557
-2.704499
-2.845972
-2.851532
-2.706841
-2.529668
-2.476049
-2.560497
-2.668920
-2.769402
-2.928616
-3.093305
-3.229178
-3.389348
-3.607105
-3.892051
-4.181581
-4.479099
-4.778085
-5.129209
-5.533096
-6.007953
-6.445321
-6.768102
-6.965590
-7.152979
-7.377721
-7.619196
-7.822087
-8.059721
-8.215717
-8.262584
-8.219829
-8.229803
-8.352537
-8.555545
-8.836274
-9.162166
-9.519002
-9.907523
-10.351878
-10.827619
-11.318586
-11.840923
-12.416635
-13.027439
-13.526091
-13.877792
-14.210907
-14.532038
-14.792721
-15.027313
-15.240892
-15.361797
-15.425748
-15.465717
-15.509476
-15.577425
-15.683889
-15.777948
-15.910652
-16.028156
-16.143217
-16.276906
-16.424776
-16.537527
-16.670086
-16.770060
-16.824118
-16.835848
-16.851086
