





p801 HIP CALC ROWS
1
2
3
4
5
6
7
8
9
10
11
12
13
14
15
16
17
18
19
20
21
22
23
24
25
26
27
28
29
30
31
32
33
34
35
36
37
38
39
40
41
42
43
44
45
46
47
48
49
50
51
52
53
54
55
56
57
58
59
60
61
62
63
64
65
66
67
68
69
70
71
72
73
74
75
76
77
78
79
80
81
82
83
84
85
86
87
88
89
90
91
92
93
94
95
96
97
98
99
100
101
102
103
104
105
106
107
108
109
110
111
112
113
114
115
116
117
118
119
120
121
122
123
124
125
126
127
128
129
130
131
132
133
134
135
136
137
138
139
140
141
142
143
144
145
146
147
148
149
150
151
152
153
154
155
156
157
158
159
160
161
162
163
164
165
166
167
168
169
170
171
172
173
174
175
176
177
178
179
180
181
182
183
184
185
186
187
188
189
190
191
192
193
194
195
196
197
198
199
200
201
202
203
204
205
206
207
208
209
210
211
212
213
214
215
216
217
218
219
220
221
222
223
224
225
226
227
228
229
230
231
232
233
234
235
236
237
238
239
240
241
242
243
244
245
246
247
248
249
250
251
252
253
254
255
256
257
258
259
260
261
262
263
264
265
266
267
268
269
270
271
272
273
274
275
276
277
278
279
280
281
282
283
284
285
286
287
288
289
290
291
292
293
294
295
296
297
298
299
300
301
302
303
304
305
306
307
308
309
310
311
312
313
314
315
316
317
318
319
320
321
322
323
324
325
326
327
328
329
330
331
332
333
334
335
336
337
338
339
340
341
342
343
344
345
346
347
348
349
350
351
352
353
354
355
356
357
358
359
360
361
362
363
364
365
366
367
368
369
370
371
372
373
374
375
376
377
378
379
380
381
382
383
384
385
386
387
388
389
390
391
392
393
394
395
396
397
398
399
400
401
402
403
404
405
406
407
408
409
410
411
412
413
414
415
416
417
418
419
420
421
422
423
424
425
426
427
428
429
430
431
432
433
434
435
436
437
438
439
440
441
442
443
444
445
446
447
448
449
450
451
452
453
454
455
456
457
458
459
460
461
462
463
464
465
466
467
468
469
470
471
472
473
474
475
476
477
478
479
480
481
482
483
484
485
486
487
488
489
490
491
492
493
494
495
496
497
498
499
500
501
502
503
504
505
506
507
508
509
510
511
512
513
514
515
516
517
518
519
520
521
522
523
524
525
526
527
528
529
530
531
532
533
534
535
536
537
538
539
540
541
542
543
544
545
546
547
548
549
550
551
552
553
554
555
556
557
558
559
560
561
562
563
564
565
566
567
568
569
570
571
572
573
574
575
576
577
578
579
580
581
582
583
584
585
586
587
588
589
590
591
592
593
594
595
596
597
598
599
600
601
602
603
604
605
606
607
608
609
610
611
612
613
614
615
616
617
618
619
620
621
622
623
624
625
626
627
628
629
630
631
632
633
634
635
636
637
638
639
640
641
642
643
644
645
646
647
648
649
650
651
652
653
654
655
656
657
658
659
660
661
662
663
664
665
666
667
668
669
670
671
672
673
674
675
676
677
678
679
680
681
682
683
684
685
686
687
688
689
690
691
692
693
694
695
696
697
698
699
700
701
702
703
704
705
706
707
708
709
710
711
712
713
714
715
716
717
718
719
720
721
722
723
724
725
726
727
728
729
730
731
732
733
734
735
736
737
738
739
740
741
742
743
744
745
746
747
748
749
750
751
752
753
754
755
756
757
758
759
760
761
762
763
764
765
766
767
768
769
770
771
772
773
774
775
776
777
778
779
780
781
782
783
784
785
786
787
788
789
790
791
792
793
794
795
796
797
798
799
800
801
802
803
804
805
806
807
808
809
810
811
812
813
814
815
816
817
818
819
820
821
822
823
824
825
826
827
828
829
830
831
832
833
834
835
836
837
838
839
840
841
842
843
844
845
846
847
848
849
850
851
852
853
854
855
856
857
858
859
860
861
862
863
864
865
866
867
868
869
870
871
872
873
874
875
876
877
878
879
880
881
882
883
884
885
886
887
888
889
890
891
892
893
894
895
896
897
898
899
900
901
902
903
904
905
906
907
908
909
910
911
912
913
914
915
916
917
918
919
920
921
922
923
924
925
926
927
928
929
930
931
932
933
934
935
936
937
938
939
940
941
942
943
944
945
946
947
948
949
950
951
952
953
954
955
956
957
958
959
960
961
962
963
964
965
966
967
968
969
970
971
972
973
974
975
976
977
978
979
980
981
982
983
984
985
986
987
988
989
990
991
992
993
994
995
996
997
998
999
1000
1001
1002
1003
1004
1005
1006
1007
1008
1009
1010
1011
1012
1013
1014
1015
1016
1017
1018
1019
1020
1021
1022
1023
1024
1025
1026
1027
1028
1029
1030
1031
1032
1033
1034
1035
1036
1037
1038
1039
1040
1041
1042
1043
1044
1045
1046
1047
1048
1049
1050






p801 HIP CALC VALUES
-11.131118
-11.101886
-11.080633
-11.076557
-11.089942
-11.124037
-11.226554
-11.287890
-11.314978
-11.310993
-11.303798
-11.301720
-11.282402
-11.269690
-11.244599
-11.216441
-11.175841
-11.129779
-11.033697
-11.002024
-10.995123
-10.997811
-10.999660
-11.003025
-10.923478
-10.914290
-10.906477
-10.895469
-10.897127
-10.901597
-10.835361
-10.848572
-10.869345
-10.891208
-10.920972
-10.961997
-10.961471
-11.009000
-11.023234
-11.010916
-11.009616
-11.021002
-10.998399
-10.989033
-10.983472
-10.983526
-10.990210
-10.998971
-10.985921
-10.989989
-10.990236
-10.978436
-10.955676
-10.917688
-10.836615
-10.769581
-10.696776
-10.618897
-10.537743
-10.457915
-10.321980
-10.187456
-10.055544
-9.963828
-9.922558
-9.950666
-10.019779
-10.097806
-10.122921
-10.078111
-9.951329
-9.736071
-9.415407
-9.033005
-8.502887
-7.786231
-6.845929
-5.704027
-4.399222
-2.986195
-1.549256
-0.099738
1.387232
2.947022
4.463640
5.952485
7.357010
8.589500
9.668367
10.638804
11.460549
12.321014
13.115970
13.756420
14.228707
14.570273
14.755776
14.892173
14.978122
15.025192
14.988819
14.870772
14.666260
14.483310
14.301108
14.120901
13.958714
13.826204
13.753862
13.711482
13.702191
13.682424
13.628829
13.551350
13.531089
13.490945
13.323428
12.989727
12.677746
12.461685
12.288611
11.927296
11.423093
10.663314
9.495867
8.179828
7.190096
6.240991
5.313700
4.373210
3.368299
2.266073
1.179097
0.039821
-1.026012
-2.058177
-3.072110
-4.013038
-4.847813
-5.735951
-6.576514
-7.390540
-8.238147
-9.105319
-9.817696
-10.571843
-11.373928
-12.220145
-13.113648
-14.048309
-14.841276
-15.556705
-16.269267
-17.035677
-17.709807
-18.146644
-18.144394
-17.861663
-17.304905
-16.302602
-14.792640
-12.694512
-10.188783
-7.535049
-4.913318
-2.412536
-0.040673
2.227326
4.289755
6.519658
8.627557
10.495308
12.163407
13.672577
14.874494
16.156976
17.300739
18.140896
18.573156
18.586617
18.127743
17.429364
16.422263
15.185043
13.885609
12.608456
11.638316
11.295442
11.443967
11.737345
12.031710
12.316677
12.102958
11.621749
11.029842
10.458094
10.068395
9.358080
8.336730
7.164886
5.724818
4.247716
3.150224
2.272716
1.480986
0.791491
0.146946
-0.523729
-1.322457
-2.328561
-3.477714
-4.679382
-5.819556
-6.879527
-7.923596
-8.956984
-9.921639
-10.861277
-11.745073
-12.611386
-13.640657
-14.914197
-16.182099
-17.249196
-17.991628
-18.564002
-19.141942
-19.681720
-20.063555
-20.202668
-19.932094
-19.151359
-17.905667
-16.361738
-14.408119
-11.998355
-9.455499
-6.992462
-4.562018
-2.277794
-0.063871
2.138154
4.311555
6.371287
8.268394
9.973954
11.475253
12.888633
14.214634
15.391905
16.257180
16.695283
16.650703
16.272347
15.629359
14.704400
13.521012
12.176655
10.989507
10.292455
10.147041
10.255007
10.476439
10.731716
10.963480
10.773692
9.971095
8.938572
8.017133
7.454060
7.082605
6.413050
5.428469
4.185674
2.725744
1.584185
0.661379
-0.194676
-0.916567
-1.506199
-2.011377
-2.533400
-3.149640
-3.895045
-4.735623
-5.586938
-6.313797
-6.937699
-7.572601
-8.438660
-9.555301
-10.856418
-12.211644
-13.661059
-15.128030
-16.591573
-17.871731
-18.760591
-19.259281
-19.673104
-20.177422
-20.748706
-21.112032
-21.114074
-20.788860
-20.099670
-19.122511
-17.957781
-16.511430
-14.701125
-12.373582
-9.708400
-7.031058
-4.320134
-1.643269
0.919010
3.362685
5.651082
7.710758
9.561225
11.153572
12.533853
13.727090
14.737451
15.444056
15.913534
16.037406
15.748096
15.020892
13.869051
12.251608
10.349668
8.701823
7.581343
7.149827
7.234402
7.418321
7.402831
7.270195
7.010779
6.580090
5.985535
5.428900
5.066585
4.972064
4.786806
3.876040
2.279242
0.647557
-0.620190
-1.397545
-1.873180
-2.246571
-2.568422
-2.898493
-3.344629
-3.920648
-4.589595
-5.326732
-6.024527
-6.532752
-7.001482
-7.401601
-7.769810
-8.135759
-8.525118
-8.923031
-9.478943
-10.055872
-10.625639
-11.150062
-11.642452
-12.061516
-12.641721
-13.421609
-14.318788
-15.215973
-15.994954
-16.515894
-16.621975
-16.342789
-15.885365
-15.148758
-13.941124
-12.521805
-10.937448
-9.250067
-7.513949
-5.643539
-3.661475
-1.725565
0.214201
2.067339
3.835328
5.533017
7.149643
8.531975
9.850506
11.053640
12.120007
13.052011
13.775251
14.246197
14.557632
14.728644
14.836406
14.941223
15.066580
15.127004
14.973098
14.689534
14.336204
13.929702
13.560135
13.332253
13.136347
13.039508
13.023560
13.180466
13.518159
13.917183
14.051669
13.849674
13.487639
12.922096
12.570641
12.302308
11.868924
11.028033
9.520812
7.600510
5.959625
4.965526
4.215757
3.403821
2.459552
1.410102
0.352547
-0.608751
-1.573266
-2.629901
-3.741559
-4.851892
-5.883936
-6.823105
-7.667735
-8.486112
-9.353438
-10.345616
-11.549943
-12.906603
-14.249938
-15.587521
-16.929842
-18.199530
-19.186054
-19.786579
-20.186360
-20.326610
-19.922311
-19.294959
-18.415890
-17.273478
-15.689996
-13.499896
-10.766807
-7.882253
-5.038382
-2.499647
-0.116332
2.175240
4.467098
6.710335
8.762575
10.481901
12.068942
13.459102
14.670487
15.733550
16.627443
17.259504
17.709634
17.864052
17.629964
16.966353
16.004805
14.915718
13.823189
12.799581
11.941303
11.427038
11.260326
11.239788
11.220869
11.320744
11.295354
10.818819
10.293619
9.782804
9.184841
8.486804
7.665290
6.527914
4.969853
3.464403
2.234623
1.373582
0.584035
-0.285102
-1.156969
-1.985813
-2.821434
-3.770966
-4.882219
-6.027949
-7.192262
-8.358384
-9.435569
-10.374138
-11.197949
-11.925343
-12.623303
-13.371757
-14.357102
-15.588114
-16.908250
-18.135414
-19.135774
-19.862059
-20.546801
-21.252051
-21.918234
-22.420187
-22.419813
-22.030961
-21.239968
-20.079359
-18.551193
-16.618228
-14.232167
-11.493920
-8.734325
-6.005376
-3.431049
-1.001999
1.335438
3.590690
5.868486
8.025161
9.952192
11.621518
13.076550
14.252029
15.220477
15.934110
16.372429
16.457211
16.208195
15.619355
14.752201
13.605793
12.414546
11.392797
10.720660
10.505285
10.644770
10.983534
11.307989
11.209794
10.692519
10.033224
9.238925
8.528199
7.699373
6.887562
5.928497
4.662056
3.294200
2.083897
1.198508
0.438032
-0.350921
-1.185790
-2.056297
-2.967514
-3.997231
-5.139696
-6.325767
-7.449169
-8.452328
-9.286302
-9.950621
-10.570405
-11.215618
-11.889036
-12.655369
-13.547404
-14.535482
-15.576209
-16.653162
-17.662734
-18.579125
-19.397848
-20.191533
-20.896947
-21.475292
-21.922898
-22.167292
-22.361841
-22.242418
-21.642710
-20.852367
-19.863157
-18.593735
-16.988266
-14.993338
-12.745752
-10.531252
-8.489520
-6.464251
-4.390265
-2.270072
-0.139367
1.876589
3.658789
5.193260
6.493015
7.667980
8.794115
9.854938
10.828264
11.675334
12.324776
12.759407
12.995896
13.040470
12.874474
12.498992
11.887326
11.076644
10.161060
9.302527
8.688726
8.392255
8.363200
8.407195
8.340302
8.062315
7.573856
6.893580
6.237276
5.652354
5.161740
4.682683
4.101778
3.242131
2.085962
0.931957
0.050838
-0.541102
-0.948215
-1.380782
-1.851429
-2.245944
-2.558813
-2.827891
-3.091890
-3.439712
-3.791652
-4.131089
-4.371462
-4.509088
-4.551561
-4.594255
-4.646032
-4.731156
-4.866233
-5.055000
-5.289248
-5.605476
-5.966165
-6.358287
-6.750975
-7.117081
-7.468895
-7.859010
-8.267655
-8.715025
-9.239720
-9.823049
-10.408620
-11.022203
-11.625498
-12.131723
-12.581091
-12.981598
-13.204079
-13.209407
-12.995052
-12.557595
-11.914735
-11.032780
-9.844175
-8.462005
-6.971341
-5.255817
-3.304998
-1.337013
0.487540
2.191564
3.694435
5.016598
6.169730
7.178457
8.042320
8.794994
9.453249
10.013516
10.473496
10.828834
11.136463
11.329037
11.341796
11.170996
10.860456
10.442524
10.011151
9.553819
9.161010
8.890771
8.729951
8.627152
8.621515
8.655656
8.745820
8.866664
9.012253
9.034674
8.839083
8.295690
7.475382
6.508057
5.674691
4.871605
4.064661
3.184185
2.164391
1.268885
0.629920
0.087773
-0.419140
-1.002640
-1.649259
-2.310145
-2.994827
-3.667735
-4.225145
-4.766725
-5.298724
-5.863801
-6.475918
-7.126751
-7.815363
-8.516664
-9.304928
-10.109154
-10.860555
-11.595031
-12.312559
-13.085666
-13.910207
-14.759452
-15.606782
-16.393532
-17.224941
-18.171869
-19.082350
-19.935698
-20.591799
-20.827872
-20.705858
-20.260528
-19.532036
-18.463274
-16.921452
-14.808261
-12.422373
-10.167713
-8.238068
-6.562838
-4.999901
-3.481050
-2.173687
-0.980364
-0.004688
0.707794
1.221346
1.544443
1.594039
1.488851
1.309106
1.112999
0.943689
0.714475
0.419295
0.122723
-0.205157
-0.520254
-0.968831
-1.545903
-2.099751
-2.569438
-3.030655
-3.493521
-4.048668
-4.640696
-5.099101
-5.376681
-5.545285
-5.668078
-5.815426
-5.969491
-6.096742
-6.238835
-6.372775
-6.467059
-6.531345
-6.584195
-6.590241
-6.564574
-6.521223
-6.494797
-6.485145
-6.496819
-6.509984
-6.513841
-6.517390
-6.525737
-6.547144
-6.572662
-6.591054
-6.612193
-6.639928
-6.692824
-6.760244
-6.784675
-6.802784
-6.862357
-6.866265
-6.786048
-6.709726
-6.710696
-6.732833
-6.748300
-6.722476
-6.659430
-6.568498
-6.478916
-6.370689
-6.269799
-6.184947
-6.104923
-6.038850
-5.944556
-5.739707
-5.489673
-5.219345
-4.889966
-4.501483
-4.123032
-3.703681
-3.270353
-2.843953
-2.436524
-2.027546
-1.588387
-1.110657
-0.623367
-0.080060
0.492027
1.009803
1.502396
2.157842
2.970894
3.723803
4.466258
5.295230
6.188397
7.068685
7.725536
8.232211
8.624579
8.851472
8.926749
8.808943
8.544594
8.200909
7.760730
7.265538
6.748594
6.231798
5.733572
5.310303
4.952272
4.614812
4.250706
3.868814
3.471786
3.029196
2.493915
1.872393
1.247313
0.681267
0.123877
-0.486390
-1.068979
-1.582999
-1.982785
-2.262294
-2.460665
-2.591512
-2.697684
-2.805169
-2.841853
-2.737346
-2.424661
-1.657636
-0.309083
1.642741
3.974644
6.645976
9.575776
12.511455
15.141330
17.295735
19.140176
20.980766
22.837638
24.625196
26.123229
27.316001
28.250821
28.778048
28.777327
28.355518
27.784399
27.315536
26.973080
26.515840
25.854977
25.035837
24.336831
23.779243
23.262094
22.902527
22.781266
22.833065
22.833328
22.602099
22.188416
21.689302
21.261263
20.924625
20.481941
19.853273
19.133005
18.456036
17.983550
17.616808
17.165169
16.689921
16.189156
15.702836
15.218427
14.619370
14.051177
13.543167
13.167372
13.103917
13.324543
13.595084
13.698636
13.583541
13.437582
13.291650
13.191279
13.227787
13.369670
13.469748
13.529479
13.494384
13.370802
13.116078
12.759045
12.384373
11.995228
11.614373
11.310732
11.052126
10.815925
10.601135
10.382621
10.197358
10.106869
10.091247
10.095763
10.111759
10.136802
10.104828
10.030935
9.926783
9.792953
9.656229
9.525678
9.440535
9.392682
9.384649
9.502946
9.769132
10.183652
10.734186
11.354555
11.913939
12.383041
12.758519
13.028300
13.197927
13.344901
13.465991
13.568440
13.617349
13.552408
13.333457
13.030602
12.699329
12.301802
11.873367
11.472859
11.091667
10.729745
10.397487
10.098885
9.832826
9.619577
9.503305
9.484650
9.606767
9.780156
9.944388
10.080994






p801 HIP ACTUAL ROWS ROWS
1
2
3
4
5
6
7
8
9
10
11
12
13
14
15
16
17
18
19
20
21
22
23
24
25
26
27
28
29
30
31
32
33
34
35
36
37
38
39
40
41
42
43
44
45
46
47
48
49
50
51
52
53
54
55
56
57
58
59
60
61
62
63
64
65
66
67
68
69
70
71
72
73
74
75
76
77
78
79
80
81
82
83
84
85
86
87
88
89
90
91
92
93
94
95
96
97
98
99
100
101
102
103
104
105
106
107
108
109
110
111
112
113
114
115
116
117
118
119
120
121
122
123
124
125
126
127
128
129
130
131
132
133
134
135
136
137
138
139
140
141
142
143
144
145
146
147
148
149
150
151
152
153
154
155
156
157
158
159
160
161
162
163
164
165
166
167
168
169
170
171
172
173
174
175
176
177
178
179
180
181
182
183
184
185
186
187
188
189
190
191
192
193
194
195
196
197
198
199
200
201
202
203
204
205
206
207
208
209
210
211
212
213
214
215
216
217
218
219
220
221
222
223
224
225
226
227
228
229
230
231
232
233
234
235
236
237
238
239
240
241
242
243
244
245
246
247
248
249
250
251
252
253
254
255
256
257
258
259
260
261
262
263
264
265
266
267
268
269
270
271
272
273
274
275
276
277
278
279
280
281
282
283
284
285
286
287
288
289
290
291
292
293
294
295
296
297
298
299
300
301
302
303
304
305
306
307
308
309
310
311
312
313
314
315
316
317
318
319
320
321
322
323
324
325
326
327
328
329
330
331
332
333
334
335
336
337
338
339
340
341
342
343
344
345
346
347
348
349
350
351
352
353
354
355
356
357
358
359
360
361
362
363
364
365
366
367
368
369
370
371
372
373
374
375
376
377
378
379
380
381
382
383
384
385
386
387
388
389
390
391
392
393
394
395
396
397
398
399
400
401
402
403
404
405
406
407
408
409
410
411
412
413
414
415
416
417
418
419
420
421
422
423
424
425
426
427
428
429
430
431
432
433
434
435
436
437
438
439
440
441
442
443
444
445
446
447
448
449
450
451
452
453
454
455
456
457
458
459
460
461
462
463
464
465
466
467
468
469
470
471
472
473
474
475
476
477
478
479
480
481
482
483
484
485
486
487
488
489
490
491
492
493
494
495
496
497
498
499
500
501
502
503
504
505
506
507
508
509
510
511
512
513
514
515
516
517
518
519
520
521
522
523
524
525
526
527
528
529
530
531
532
533
534
535
536
537
538
539
540
541
542
543
544
545
546
547
548
549
550
551
552
553
554
555
556
557
558
559
560
561
562
563
564
565
566
567
568
569
570
571
572
573
574
575
576
577
578
579
580
581
582
583
584
585
586
587
588
589
590
591
592
593
594
595
596
597
598
599
600
601
602
603
604
605
606
607
608
609
610
611
612
613
614
615
616
617
618
619
620
621
622
623
624
625
626
627
628
629
630
631
632
633
634
635
636
637
638
639
640
641
642
643
644
645
646
647
648
649
650
651
652
653
654
655
656
657
658
659
660
661
662
663
664
665
666
667
668
669
670
671
672
673
674
675
676
677
678
679
680
681
682
683
684
685
686
687
688
689
690
691
692
693
694
695
696
697
698
699
700
701
702
703
704
705
706
707
708
709
710
711
712
713
714
715
716
717
718
719
720
721
722
723
724
725
726
727
728
729
730
731
732
733
734
735
736
737
738
739
740
741
742
743
744
745
746
747
748
749
750
751
752
753
754
755
756
757
758
759
760
761
762
763
764
765
766
767
768
769
770
771
772
773
774
775
776
777
778
779
780
781
782
783
784
785
786
787
788
789
790
791
792
793
794
795
796
797
798
799
800
801
802
803
804
805
806
807
808
809
810
811
812
813
814
815
816
817
818
819
820
821
822
823
824
825
826
827
828
829
830
831
832
833
834
835
836
837
838
839
840
841
842
843
844
845
846
847
848
849
850
851
852
853
854
855
856
857
858
859
860
861
862
863
864
865
866
867
868
869
870
871
872
873
874
875
876
877
878
879
880
881
882
883
884
885
886
887
888
889
890
891
892
893
894
895
896
897
898
899
900
901
902
903
904
905
906
907
908
909
910
911
912
913
914
915
916
917
918
919
920
921
922
923
924
925
926
927
928
929
930
931
932
933
934
935
936
937
938
939
940
941
942
943
944
945
946
947
948
949
950
951
952
953
954
955
956
957
958
959
960
961
962
963
964
965
966
967
968
969
970
971
972
973
974
975
976
977
978
979
980
981
982
983
984
985
986
987
988
989
990
991
992
993
994
995
996
997
998
999
1000
1001
1002
1003
1004
1005
1006
1007
1008
1009
1010
1011
1012
1013
1014
1015
1016
1017
1018
1019
1020
1021
1022
1023
1024
1025
1026
1027
1028
1029
1030
1031
1032
1033
1034
1035
1036
1037
1038
1039
1040
1041
1042
1043
1044
1045
1046
1047
1048
1049
1050






p801 HIP ACTUAL VALUES
-11.131126
-11.101849
-11.080572
-11.076557
-11.089918
-11.124031
-11.226623
-11.287851
-11.314915
-11.310971
-11.303814
-11.301787
-11.282405
-11.269699
-11.244586
-11.216475
-11.175860
-11.129833
-11.033646
-11.002057
-10.995121
-10.997702
-10.999623
-11.002973
-10.923497
-10.914269
-10.906473
-10.895450
-10.897228
-10.901537
-10.835395
-10.848539
-10.869344
-10.891190
-10.920987
-10.962005
-10.961483
-11.009041
-11.023184
-11.010826
-11.009586
-11.020974
-10.998367
-10.989029
-10.983460
-10.983578
-10.990199
-10.998980
-10.985887
-10.989950
-10.990223
-10.978422
-10.955699
-10.917646
-10.836634
-10.769547
-10.696743
-10.618864
-10.537685
-10.457908
-10.321978
-10.187522
-10.055601
-9.963857
-9.922586
-9.950772
-10.019741
-10.097889
-10.122910
-10.078084
-9.951338
-9.736133
-9.415510
-9.032938
-8.502844
-7.786295
-6.845930
-5.704005
-4.399207
-2.986199
-1.549310
-0.099760
1.387190
2.947022
4.463640
5.952485
7.357010
8.589545
9.668333
10.638776
11.460486
12.320932
13.115964
13.756414
14.228663
14.570225
14.755779
14.892215
14.978065
15.025139
14.988737
14.870669
14.666262
14.483301
14.301121
14.120855
13.958719
13.826206
13.753854
13.711504
13.702219
13.682455
13.628918
13.551440
13.531130
13.490924
13.323489
12.989715
12.677782
12.461694
12.288613
11.927296
11.423093
10.663314
9.495867
8.179828
7.190096
6.240991
5.313700
4.373210
3.368299
2.266073
1.179097
0.039821
-1.026012
-2.058177
-3.072110
-4.013038
-4.847813
-5.735951
-6.576514
-7.390517
-8.238147
-9.105307
-9.817781
-10.571891
-11.373952
-12.220070
-13.113625
-14.048287
-14.841292
-15.556768
-16.269312
-17.035702
-17.709845
-18.146615
-18.144322
-17.861765
-17.304928
-16.302584
-14.792632
-12.694541
-10.188752
-7.534993
-4.913313
-2.412482
-0.040698
2.227272
4.289819
6.519697
8.627534
10.495309
12.163406
13.672515
14.874484
16.156998
17.300685
18.140833
18.573117
18.586703
18.127739
17.429402
16.422276
15.185013
13.885613
12.608531
11.638370
11.295399
11.443967
11.737345
12.031710
12.316589
12.102877
11.621747
11.029727
10.458091
10.068321
9.358077
8.336709
7.164967
5.724761
4.247621
3.150239
2.272743
1.481034
0.791475
0.146895
-0.523716
-1.322400
-2.328575
-3.477795
-4.679480
-5.819647
-6.879579
-7.923597
-8.957002
-9.921595
-10.861345
-11.745090
-12.611433
-13.640582
-14.914237
-16.182059
-17.249202
-17.991630
-18.563983
-19.141903
-19.681758
-20.063471
-20.202724
-19.932029
-19.151385
-17.905701
-16.361735
-14.408091
-11.998441
-9.455495
-6.992402
-4.562018
-2.277794
-0.063871
2.138154
4.311579
6.371340
8.268455
9.973907
11.475169
12.888648
14.214588
15.391847
16.257211
16.695266
16.650778
16.272393
15.629382
14.704441
13.520974
12.176615
10.989522
10.292495
10.147098
10.254997
10.476484
10.731676
10.963364
10.773684
9.971037
8.938629
8.017035
7.453998
7.082657
6.412968
5.428505
4.185656
2.725816
1.584111
0.661318
-0.194605
-0.916556
-1.506111
-2.011394
-2.533375
-3.149590
-3.894969
-4.735596
-5.586902
-6.313758
-6.937662
-7.572608
-8.438648
-9.555290
-10.856347
-12.211656
-13.661061
-15.127978
-16.591550
-17.871770
-18.760668
-19.259268
-19.673047
-20.177413
-20.748784
-21.112013
-21.113985
-20.788929
-20.099723
-19.122555
-17.957735
-16.511375
-14.701094
-12.373579
-9.708436
-7.031064
-4.320160
-1.643273
0.919096
3.362687
5.651072
7.710738
9.561229
11.153659
12.533820
13.727074
14.737451
15.444020
15.913592
16.037445
15.748081
15.020935
13.868975
12.251631
10.349539
8.701801
7.581299
7.149865
7.234502
7.418302
7.402827
7.270157
7.010823
6.580187
5.985456
5.428824
5.066610
4.972064
4.786806
3.876040
2.279242
0.647557
-0.620190
-1.397545
-1.873180
-2.246571
-2.568422
-2.898493
-3.344629
-3.920648
-4.589595
-5.326732
-6.024527
-6.532752
-7.001482
-7.401601
-7.769810
-8.135782
-8.525074
-8.922936
-9.478907
-10.055827
-10.625646
-11.150050
-11.642507
-12.061528
-12.641735
-13.421552
-14.318760
-15.215963
-15.994920
-16.515882
-16.621973
-16.342750
-15.885376
-15.148836
-13.941252
-12.521803
-10.937473
-9.249994
-7.513982
-5.643585
-3.661424
-1.725543
0.214199
2.067349
3.835312
5.532946
7.149624
8.531962
9.850514
11.053660
12.119935
13.052008
13.775225
14.246241
14.557567
14.728620
14.836392
14.941214
15.066514
15.127093
14.973159
14.689537
14.336124
13.929691
13.560112
13.332166
13.136382
13.039417
13.023491
13.180496
13.518105
13.917098
14.051761
13.849651
13.487543
12.922095
12.570641
12.302308
11.868924
11.028033
9.520812
7.600510
5.959625
4.965526
4.215757
3.403821
2.459552
1.410102
0.352547
-0.608751
-1.573266
-2.629901
-3.741559
-4.851892
-5.883936
-6.823105
-7.667732
-8.486168
-9.353493
-10.345543
-11.549971
-12.906590
-14.249957
-15.587451
-16.929852
-18.199624
-19.185982
-19.786650
-20.186419
-20.326598
-19.922236
-19.294985
-18.415896
-17.273431
-15.689954
-13.499841
-10.766853
-7.882324
-5.038341
-2.499617
-0.116415
2.175224
4.467116
6.710338
8.762495
10.481872
12.068932
13.459124
14.670512
15.733498
16.627437
17.259453
17.709611
17.864068
17.629936
16.966407
16.004729
14.915781
13.823256
12.799558
11.941276
11.427107
11.260269
11.239702
11.220849
11.320692
11.295343
10.818833
10.293662
9.782784
9.184876
8.486816
7.665227
6.527883
4.969865
3.464342
2.234702
1.373482
0.584052
-0.285093
-1.156955
-1.985759
-2.821459
-3.771024
-4.882142
-6.027936
-7.192293
-8.358377
-9.435562
-10.374187
-11.198011
-11.925279
-12.623356
-13.371801
-14.357175
-15.588164
-16.908207
-18.135419
-19.135843
-19.862031
-20.546790
-21.252096
-21.918301
-22.420247
-22.419855
-22.030989
-21.239915
-20.079336
-18.551220
-16.618284
-14.232185
-11.493912
-8.734309
-6.005364
-3.431024
-1.001988
1.335436
3.590751
5.868414
8.025185
9.952129
11.621459
13.076513
14.252085
15.220460
15.934045
16.372508
16.457166
16.208173
15.619340
14.752187
13.605809
12.414641
11.392754
10.720728
10.505306
10.644848
10.983460
11.308050
11.209784
10.692535
10.033146
9.238952
8.528254
7.699400
6.887464
5.928570
4.662093
3.294299
2.083993
1.198531
0.438048
-0.350911
-1.185702
-2.056233
-2.967583
-3.997167
-5.139699
-6.325781
-7.449141
-8.452338
-9.286244
-9.950608
-10.570456
-11.215638
-11.889032
-12.655378
-13.547383
-14.535461
-15.576161
-16.653194
-17.662710
-18.579144
-19.397803
-20.191472
-20.896965
-21.475269
-21.922889
-22.167194
-22.361856
-22.242529
-21.642640
-20.852377
-19.863229
-18.593725
-16.988249
-14.993338
-12.745745
-10.531208
-8.489488
-6.464322
-4.390303
-2.270078
-0.139365
1.876619
3.658821
5.193242
6.493045
7.667984
8.794056
9.854926
10.828288
11.675348
12.324745
12.759435
12.995988
13.040428
12.874372
12.498952
11.887407
11.076648
10.161046
9.302518
8.688733
8.392224
8.363189
8.407151
8.340322
8.062403
7.573855
6.893616
6.237246
5.652340
5.161800
4.682683
4.101778
3.242131
2.085962
0.931978
0.050779
-0.541063
-0.948179
-1.380783
-1.851430
-2.245992
-2.558860
-2.827890
-3.092001
-3.439736
-3.791592
-4.131129
-4.371379
-4.509108
-4.551595
-4.594354
-4.646001
-4.731197
-4.866171
-5.054971
-5.289261
-5.605544
-5.966203
-6.358268
-6.751015
-7.117027
-7.468855
-7.858993
-8.267706
-8.715106
-9.239668
-9.823043
-10.408566
-11.022227
-11.625547
-12.131755
-12.581103
-12.981570
-13.204102
-13.209474
-12.994973
-12.557546
-11.914749
-11.032751
-9.844207
-8.461988
-6.971347
-5.255727
-3.304941
-1.337087
0.487532
2.191605
3.694371
5.016608
6.169782
7.178401
8.042317
8.795003
9.453164
10.013560
10.473561
10.828783
11.136552
11.329024
11.341789
11.170940
10.860528
10.442579
10.011170
9.553893
9.161086
8.890812
8.729928
8.627164
8.621485
8.655573
8.745885
8.866663
9.012179
9.034674
8.839082
8.295696
7.475404
6.508059
5.674691
4.871605
4.064661
3.184185
2.164391
1.268885
0.629920
0.087773
-0.419140
-1.002640
-1.649259
-2.310145
-2.994827
-3.667735
-4.225145
-4.766725
-5.298724
-5.863801
-6.475918
-7.126751
-7.815387
-8.516610
-9.304897
-10.109200
-10.860640
-11.595050
-12.312553
-13.085638
-13.910158
-14.759475
-15.606733
-16.393513
-17.224890
-18.171821
-19.082245
-19.935742
-20.591761
-20.827868
-20.705881
-20.260527
-19.532034
-18.463202
-16.921486
-14.808314
-12.422330
-10.167734
-8.238057
-6.562776
-4.999923
-3.481062
-2.173631
-0.980421
-0.004666
0.707766
1.221345
1.544491
1.594042
1.488819
1.309176
1.113024
0.943633
0.714519
0.419287
0.122653
-0.205149
-0.520237
-0.968898
-1.545876
-2.099745
-2.569410
-3.030628
-3.493526
-4.048662
-4.640668
-5.099082
-5.376691
-5.545259
-5.668058
-5.815465
-5.969521
-6.096760
-6.238873
-6.372785
-6.466997
-6.531385
-6.584128
-6.590226
-6.564534
-6.521184
-6.494825
-6.485196
-6.496813
-6.510069
-6.513871
-6.517346
-6.525734
-6.547152
-6.572673
-6.591048
-6.612104
-6.639906
-6.692751
-6.760259
-6.784664
-6.802779
-6.862309
-6.866256
-6.786080
-6.709679
-6.710730
-6.732811
-6.748360
-6.722433
-6.659505
-6.568497
-6.479007
-6.370688
-6.269845
-6.184940
-6.104954
-6.038834
-5.944519
-5.739666
-5.489705
-5.219250
-4.889956
-4.501440
-4.122940
-3.703640
-3.270340
-2.843910
-2.436630
-2.027517
-1.588446
-1.110666
-0.623376
-0.080098
0.492083
1.009801
1.502374
2.157836
2.970813
3.723715
4.466228
5.295279
6.188417
7.068699
7.725564
8.232300
8.624452
8.851465
8.926719
8.808949
8.544576
8.200888
7.760712
7.265471
6.748581
6.231770
5.733543
5.310312
4.952389
4.614792
4.250777
3.868760
3.471845
3.029250
2.493869
1.872390
1.247232
0.681313
0.123840
-0.486436
-1.068943
-1.582954
-1.982846
-2.262240
-2.460620
-2.591483
-2.697654
-2.805171
-2.841901
-2.737380
-2.424602
-1.657563
-0.309063
1.642647
3.974726
6.645976
9.575776
12.511455
15.141330
17.295720
19.140079
20.980823
22.837631
24.625170
26.123204
27.315990
28.250874
28.778089
28.777380
28.355454
27.784408
27.315539
26.973092
26.515920
25.854980
25.035771
24.336761
23.779207
23.262019
22.902520
22.781202
22.833014
22.833330
22.602057
22.188394
21.689292
21.261209
20.924692
20.481890
19.853265
19.133046
18.455945
17.983573
17.616757
17.165098
16.689913
16.189214
15.702864
15.218479
14.619295
14.051228
13.543198
13.167351
13.103965
13.324535
13.595100
13.698568
13.583528
13.437621
13.291634
13.191216
13.227786
13.369604
13.469790
13.529416
13.494292
13.370842
13.116084
12.759131
12.384350
11.995167
11.614365
11.310666
11.052039
10.815939
10.601048
10.382658
10.197378
10.106807
10.091263
10.095723
10.111810
10.136787
10.104734
10.030907
9.926766
9.792932
9.656221
9.525731
9.440518
9.392616
9.384726
9.502905
9.769200
10.183636
10.734112
11.354566
11.913864
12.382939
12.758520
13.028351
13.198023
13.344905
13.466028
13.568429
13.617413
13.552391
13.333466
13.030594
12.699404
12.301874
11.873469
11.472803
11.091629
10.729728
10.397498
10.098883
9.832805
9.619658
9.503338
9.484560
9.606808
9.780202
9.944468
10.080972
