





p905 HIP CALC ROWS
53
54
55
56
57
58
59
60
61
62
63
64
65
66
67
68
69
70
71
72
73
74
75
76
77
78
79
80
81
82
83
84
85
86
87
88
89
90
91
92
93
94
95
96
97
98
99
100
101
102
103
104
105
106
107
108
109
110
111
112
113
114
115
116
117
118
119
120
121
122
123
124
125
126
127
128
129
130
131
132
133
134
135
136
137
138
139
140
141
142
143
144
145
146
147
148
149
150
151
152
153
154
155
156
157
158
159
160
161
162
163
164
165
166
167
168
169
170
171
172
173
174
175
176
177
178
179
180
181
182
183
184
185
186
187
188
189
190
191
192
193
194
195
196
197
198
199
200
201
202
203
204
205
206
207
208
209
210
211
212
213
214
215
216
217
218
219
220
221
222
223
224
225
226
227
228
229
230
231
232
233
234
235
236
237
238
239
240
241
242
243
244
245
246
247
248
249
250
251
252
253
254
255
256
257
258
259
260
261
262
263
264
265
266
267
268
269
270
271
272
273
274
275
276
277
278
279
280
281
282
283
284
285
286
287
288
289
290
291
292
293
294
295
296
297
298
299
300
301
302
303
304
305
306
307
308
309
310
311
312
313
314
315
316
317
318
319
320
321
322
323
324
325
326
327
328
329
330
331
332
333
334
335
336
337
338
339
340
341
342
343
344
345
346
347
348
349
350
351
352
353
354
355
356
357
358
359
360
361
362
363
364
365
366
367
368
369
370
371
372
373
374
375
376
377
378
379
380
381
382
383
384
385
386
387
388
389
390
391
392
393
394
395
396
397
398
399
400
401
402
403
404
405
406
407
408
409
410
411
412
413
414
415
416
417
418
419
420
421
422
423
424
425
426
427
428
429
430
431
432
433
434
435
436
437
438
439
440
441
442
443
444
445
446
447
448
449
450
451
452
453
454
455
456
457
458
459
460
461
462
463
464
465
466
467
468
469
470
471
472
473
474
475
476
477
478
479
480
481
482
483
484
485
486
487
488
489
490
491
492
493
494
495
496
497
498
499
500
501
502
503
504
505
506
507
508
509
510
511
512
513
514
515
516
517
518
519
520
521
522
523
524
525
526
527
528
529
530
531
532
533
534
535
536
537
538
539
540
541
542
543
544
545
546
547
548
549
550
551
552
553
554
555
556
557
558
559
560
561
562
563
564
565
566
567
568
569
570
571
572
573
574
575
576
577
578
579
580
581
582
583
584
585
586
587
588
589
590
591
592
593
594
595
596
597
598
599
600
601
602
603
604
605
606
607
608
609
610
611
612
613
614
615
616
617
618
619
620
621
622
623
624
625
626
627
628
629
630
631
632
633
634
635
636
637
638
639
640
641
642
643
644
645
646
647
648
649
650
651
652
653
654
655
656
657
658
659
660
661
662
663
664
665
666
667
668
669
670
671
672
673
674
675
676
677
678
679
680
681
682
683
684
685
686
687
688
689
690
691
692
693
694
695
696
697
698
699
700
701
702
703
704
705
706
707
708
709
710
711
712
713
714
715
716
717
718
719
720
721
722
723
724
725
726
727
728
729
730
731
732
733
734
735
736
737
738
739
740
741
742
743
744
745
746
747
748
749
750
751
752
753
754
755
756
757
758
759
760
761
762
763
764
765
766
767
768
769
770
771
772
773
774
775
776
777
778
779
780
781
782
783
784
785
786
787
788
789
790
791
792
793
794
795
796
797
798
799
800






p905 HIP CALC VALUES
-6.641562
-6.644868
-6.638791
-6.639301
-6.641283
-6.642338
-6.645217
-6.643465
-6.635525
-6.630887
-6.625507
-6.610965
-6.568000
-6.478841
-6.345426
-6.157329
-5.922439
-5.653281
-5.397582
-5.173669
-4.989095
-4.821172
-4.666753
-4.494748
-4.286760
-4.049982
-3.827468
-3.588361
-3.364249
-3.141610
-2.893829
-2.607525
-2.270993
-1.821138
-1.224526
-0.418094
0.711677
2.257347
4.099879
6.211063
8.383202
10.476907
12.496498
14.431673
15.858281
17.339411
18.688115
19.938769
21.113423
22.158834
22.745284
23.365894
23.949155
24.440032
24.852303
25.204727
25.306938
25.423715
25.412444
25.345597
25.308931
25.328024
25.338321
25.600998
25.902214
26.079480
25.988068
25.389832
24.081915
22.212869
20.085188
18.326352
16.742315
14.962772
13.130917
11.305145
9.689645
8.296571
6.924542
5.432984
3.929908
2.215312
0.449901
-1.386877
-3.419441
-5.446354
-6.847531
-8.014011
-8.708235
-9.572193
-10.166159
-10.441444
-10.466630
-10.637518
-10.820408
-10.999917
-10.855132
-9.933478
-8.019531
-5.461171
-2.700053
0.165959
3.066230
5.923606
8.960681
11.902596
14.499207
16.598738
18.433572
20.173459
21.691991
22.999719
23.956984
24.387839
24.182708
23.582028
22.793581
22.234785
21.816105
21.468449
21.203590
21.268867
21.180869
20.621358
19.428016
17.196641
14.846750
13.692344
13.652429
13.703844
12.861657
11.119565
9.115968
7.300356
5.669031
4.102406
2.384924
0.590193
-1.088516
-2.479623
-3.785159
-5.194683
-6.624801
-8.001568
-9.201544
-10.093177
-10.648759
-11.224551
-11.584732
-11.898532
-12.247203
-12.396221
-11.842383
-10.367496
-8.001903
-5.224354
-2.679787
0.024324
2.794274
5.843211
8.979953
11.877477
14.361734
16.624671
18.604144
20.508289
22.213966
23.614113
24.591350
25.009577
24.716088
24.270300
23.773848
23.244010
22.688983
22.110289
21.653008
21.667366
21.932779
22.066515
21.868724
21.246495
19.517608
17.156208
15.764695
15.991020
16.386871
15.740095
13.937906
11.698929
9.559019
7.661795
6.054433
4.498886
2.669840
0.658535
-1.409333
-3.299998
-4.986284
-6.690489
-8.380928
-9.917915
-11.208657
-12.159293
-12.825621
-13.424854
-13.800724
-14.147951
-14.581009
-15.011786
-15.266118
-15.051408
-14.019852
-12.303897
-10.389397
-8.361777
-5.928830
-3.135730
-0.202572
2.876767
6.007304
9.157562
12.078129
14.550052
16.697423
18.815628
20.681154
22.170708
23.146207
23.524957
23.275893
22.568003
21.506621
20.436984
19.674588
19.120043
18.218541
17.076315
16.271644
15.843388
15.729238
15.712268
15.420132
15.538998
16.070003
16.743864
16.724174
15.953742
14.780361
13.804512
13.181113
12.621687
12.045552
11.231724
10.230513
9.146089
8.144400
7.153299
6.075477
4.894966
3.772714
2.633457
1.571671
0.666515
0.126542
0.239900
1.114101
2.302291
3.791937
5.266825
6.730966
7.912850
8.886009
10.171023
11.864394
13.521841
14.809368
15.809497
16.607509
17.266306
17.752537
18.150319
18.493985
18.829722
19.081296
19.267453
19.401309
19.504015
19.480435
19.360932
19.530042
19.982491
20.586280
21.046473
21.122152
20.896961
20.634870
20.239368
19.766416
19.149628
18.125602
16.728235
15.161131
14.225149
13.674132
13.061967
12.005615
10.568113
9.104117
8.013745
7.195020
6.457927
5.655021
4.610869
3.206319
1.870977
0.625528
-0.506386
-1.533343
-2.488582
-3.561346
-4.645579
-5.869518
-7.214841
-8.646420
-9.903547
-11.055081
-11.852444
-12.254344
-12.335301
-12.037054
-11.092895
-9.330416
-6.809338
-3.911793
-0.807923
2.413639
5.353658
8.398279
11.848400
15.181655
18.094274
20.638161
22.917209
24.842958
26.428618
27.499868
28.146286
28.186729
27.790438
27.079069
26.330741
25.699943
25.112609
24.795595
25.057846
25.569717
25.698567
25.289555
23.724854
20.786179
17.744240
16.268428
16.395273
16.222879
15.161045
12.917709
10.213947
7.965485
6.110535
4.472202
2.712247
0.865178
-1.108047
-3.093145
-5.042114
-7.075622
-8.932738
-10.526873
-11.569443
-12.081433
-12.290434
-12.440886
-12.628256
-12.815239
-12.557595
-11.346665
-9.203340
-6.620584
-3.986850
-1.101550
1.729401
4.914501
8.278674
11.453714
14.173603
16.473901
18.650244
20.639311
22.363783
23.816312
24.908968
25.230705
24.883084
24.206550
23.852052
23.786387
23.430254
22.847114
22.581034
22.456692
22.030971
20.766916
18.258935
15.510331
14.644736
14.972915
14.822927
13.464351
11.115283
8.817933
6.915343
5.517334
4.316434
2.964661
1.413712
-0.290927
-2.017515
-3.545407
-5.052342
-6.696458
-8.279638
-9.592305
-10.580627
-11.181484
-11.561518
-11.960922
-12.505791
-12.945547
-12.657651
-11.316395
-9.431994
-7.522019
-5.495376
-3.245056
-0.803379
1.731191
4.241356
6.824073
9.600977
12.524726
15.521180
18.436182
21.011817
23.099993
24.703445
25.805178
26.422317
26.546985
26.363520
26.018188
25.602718
25.351263
25.364124
25.600294
25.915959
26.174341
26.219697
25.814611
25.012838
23.589720
21.377951
20.032925
21.069037
22.551760
22.715996
21.222374
18.818580
16.290572
13.957449
12.197846
11.217031
10.478684
9.525323
8.312933
6.905383
6.061268
5.379264
4.633384
3.708997
2.819320
2.092535
1.542749
1.196898
0.937274
0.807472
0.872975
1.104270
1.497222
2.268909
3.332912
4.660309
6.116892
7.501371
8.720694
9.925760
11.127431
12.406253
13.498054
14.314467
14.927436
15.252559
15.315373
15.284527
15.091560
14.875634
14.600974
14.250177
13.686892
13.020050
12.208477
11.348440
10.491759
9.676816
8.873051
8.208486
7.553275
6.789166
5.990523
5.255779
4.563293
4.070784
3.659794
3.335912
3.117832
2.950816
2.632945
2.464437
2.351959
2.191555
2.002506
1.823240
1.533171
1.363916
1.218973
1.074163
0.973187
0.913800
0.790143
0.772359
0.705435
0.565403
0.359390
0.052034
-0.405571
-0.816486
-1.249908
-1.707689
-2.197971
-2.701184
-3.355701
-4.004188
-4.619183
-5.201918
-5.755755
-6.359104
-7.023364
-7.509345
-7.840147
-8.049312
-8.195747
-8.367759
-8.600181
-8.875104
-9.177043
-9.484120
-9.760516
-10.003111
-10.224495
-10.384334
-10.484190
-10.518961
-10.515097
-10.492663
-10.444381
-10.417222
-10.381015
-10.340100
-10.301031
-10.263534
-10.203534
-10.183893
-10.181125
-10.204395
-10.246491
-10.283895
-10.268038
-10.262711
-10.233628
-10.174454
-10.086193
-9.977983
-9.829325
-9.724698
-9.637185
-9.571968
-9.537423
-9.512454
-9.454868
-9.425537
-9.391867
-9.358662
-9.328385
-9.295190
-9.236561
-9.216744
-9.199820
-9.186031
-9.179661
-9.179402
-9.149091
-9.157417
-9.170407
-9.184632
-9.196379
-9.202950
-9.172321
-9.174734
-9.180443
-9.183670
-9.187851
-9.188923
-9.153072
-9.142730
-9.137304
-9.131739
-9.123884
-9.108731
-9.063220
-9.046629
-9.032252
-9.023512
-9.017468
-9.018291
-8.995120
-9.004255
-9.016180
-9.030090
-9.043270
-9.056221
-9.040849
-9.050805
-9.066289
-9.075070
-9.086597
-9.092834
-9.074735
-9.080773
-9.084523
-9.091221
-9.098103
-9.109591
-9.091680
-9.097812
-9.103935
-9.108717
-9.106354
-9.101562
-9.077099
-9.075581
-9.075820
-9.076668
-9.074590
-9.068276
-9.038019
-9.025345
-9.015114
-9.005465
-8.995786
-8.978283
-8.939439
-8.912548
-8.886952
-8.860876
-8.835225
-8.815553
-8.777276
-8.756201
-8.742115
-8.729287
-8.711995
-8.695641
-8.663419
-8.644753
-8.623862
-8.599629
-8.578858
-8.555888
-8.520713
-8.501108
-8.483337
-8.457723
-8.427071
-8.396099
-8.349210
-8.313428
-8.277979
-8.244293
-8.216595
-8.192390
-8.157966
-8.140864
-8.125896
-8.109913
-8.090281
-8.080003
-8.060171
-8.051466
-8.049191
-8.048049
-8.044967
-8.037453
-8.010897
-7.993113
-7.984052
-7.973699
-7.967276
-7.958759
-7.940080
-7.931620
-7.926177
-7.923040
-7.920053
-7.925337
-7.914615
-7.915469
-7.917646
-7.918857
-7.919459
-7.920067
-7.908093
-7.909931
-7.915475
-7.916209
-7.914700
-7.909517
-7.893397
-7.890661






p905 HIP ACTUAL ROWS ROWS
53
54
55
56
57
58
59
60
61
62
63
64
65
66
67
68
69
70
71
72
73
74
75
76
77
78
79
80
81
82
83
84
85
86
87
88
89
90
91
92
93
94
95
96
97
98
99
100
101
102
103
104
105
106
107
108
109
110
111
112
113
114
115
116
117
118
119
120
121
122
123
124
125
126
127
128
129
130
131
132
133
134
135
136
137
138
139
140
141
142
143
144
145
146
147
148
149
150
151
152
153
154
155
156
157
158
159
160
161
162
163
164
165
166
167
168
169
170
171
172
173
174
175
176
177
178
179
180
181
182
183
184
185
186
187
188
189
190
191
192
193
194
195
196
197
198
199
200
201
202
203
204
205
206
207
208
209
210
211
212
213
214
215
216
217
218
219
220
221
222
223
224
225
226
227
228
229
230
231
232
233
234
235
236
237
238
239
240
241
242
243
244
245
246
247
248
249
250
251
252
253
254
255
256
257
258
259
260
261
262
263
264
265
266
267
268
269
270
271
272
273
274
275
276
277
278
279
280
281
282
283
284
285
286
287
288
289
290
291
292
293
294
295
296
297
298
299
300
301
302
303
304
305
306
307
308
309
310
311
312
313
314
315
316
317
318
319
320
321
322
323
324
325
326
327
328
329
330
331
332
333
334
335
336
337
338
339
340
341
342
343
344
345
346
347
348
349
350
351
352
353
354
355
356
357
358
359
360
361
362
363
364
365
366
367
368
369
370
371
372
373
374
375
376
377
378
379
380
381
382
383
384
385
386
387
388
389
390
391
392
393
394
395
396
397
398
399
400
401
402
403
404
405
406
407
408
409
410
411
412
413
414
415
416
417
418
419
420
421
422
423
424
425
426
427
428
429
430
431
432
433
434
435
436
437
438
439
440
441
442
443
444
445
446
447
448
449
450
451
452
453
454
455
456
457
458
459
460
461
462
463
464
465
466
467
468
469
470
471
472
473
474
475
476
477
478
479
480
481
482
483
484
485
486
487
488
489
490
491
492
493
494
495
496
497
498
499
500
501
502
503
504
505
506
507
508
509
510
511
512
513
514
515
516
517
518
519
520
521
522
523
524
525
526
527
528
529
530
531
532
533
534
535
536
537
538
539
540
541
542
543
544
545
546
547
548
549
550
551
552
553
554
555
556
557
558
559
560
561
562
563
564
565
566
567
568
569
570
571
572
573
574
575
576
577
578
579
580
581
582
583
584
585
586
587
588
589
590
591
592
593
594
595
596
597
598
599
600
601
602
603
604
605
606
607
608
609
610
611
612
613
614
615
616
617
618
619
620
621
622
623
624
625
626
627
628
629
630
631
632
633
634
635
636
637
638
639
640
641
642
643
644
645
646
647
648
649
650
651
652
653
654
655
656
657
658
659
660
661
662
663
664
665
666
667
668
669
670
671
672
673
674
675
676
677
678
679
680
681
682
683
684
685
686
687
688
689
690
691
692
693
694
695
696
697
698
699
700
701
702
703
704
705
706
707
708
709
710
711
712
713
714
715
716
717
718
719
720
721
722
723
724
725
726
727
728
729
730
731
732
733
734
735
736
737
738
739
740
741
742
743
744
745
746
747
748
749
750
751
752
753
754
755
756
757
758
759
760
761
762
763
764
765
766
767
768
769
770
771
772
773
774
775
776
777
778
779
780
781
782
783
784
785
786
787
788
789
790
791
792
793
794
795
796
797
798
799
800






p905 HIP ACTUAL VALUES
-6.641589
-6.644833
-6.638776
-6.639340
-6.641335
-6.642423
-6.645209
-6.643472
-6.635477
-6.630880
-6.625489
-6.610941
-6.568010
-6.478817
-6.345429
-6.157310
-5.922410
-5.653243
-5.397545
-5.173692
-4.989117
-4.821111
-4.666789
-4.494818
-4.286703
-4.049903
-3.827416
-3.588400
-3.364325
-3.141547
-2.893871
-2.607562
-2.270915
-1.821168
-1.224455
-0.418108
0.711659
2.257308
4.099781
6.210962
8.383127
10.476874
12.496463
14.431656
15.858265
17.339507
18.688110
19.938781
21.113424
22.158770
22.745378
23.365932
23.949095
24.440058
24.852229
25.204795
25.306952
25.423722
25.412527
25.345647
25.308976
25.327918
25.338420
25.600906
25.902232
26.079443
25.988032
25.389891
24.081957
22.212831
20.085222
18.326381
16.742344
14.962772
13.130917
11.305193
9.689624
8.296589
6.924514
5.433050
3.929915
2.215247
0.449812
-1.386812
-3.419443
-5.446352
-6.847543
-8.013949
-8.708273
-9.572258
-10.166231
-10.441440
-10.466615
-10.637538
-10.820474
-10.999922
-10.855094
-9.933430
-8.019540
-5.461196
-2.699962
0.165971
3.066209
5.923646
8.960681
11.902596
14.499207
16.598738
18.433536
20.173421
21.691976
22.999707
23.956970
24.387743
24.182641
23.581966
22.793511
22.234772
21.816117
21.468458
21.203610
21.268837
21.180821
20.621411
19.428083
17.196554
14.846755
13.692311
13.652398
13.703838
12.861722
11.119614
9.115953
7.300362
5.668953
4.102475
2.384899
0.590190
-1.088521
-2.479629
-3.785216
-5.194613
-6.624831
-8.001493
-9.201531
-10.093251
-10.648754
-11.224581
-11.584730
-11.898579
-12.247278
-12.396129
-11.842297
-10.367591
-8.001911
-5.224334
-2.679745
0.024248
2.794277
5.843211
8.979953
11.877477
14.361734
16.624718
18.604202
20.508295
22.213931
23.614132
24.591365
25.009541
24.716105
24.270217
23.773826
23.243901
22.689020
22.110222
21.652999
21.667349
21.932769
22.066564
21.868694
21.246496
19.517686
17.156231
15.764689
15.991106
16.386871
15.740095
13.937906
11.698929
9.559019
7.661795
6.054433
4.498886
2.669840
0.658535
-1.409333
-3.299998
-4.986284
-6.690489
-8.380928
-9.917915
-11.208657
-12.159293
-12.825621
-13.424854
-13.800716
-14.147948
-14.580942
-15.011776
-15.266171
-15.051464
-14.019845
-12.303880
-10.389363
-8.361772
-5.928883
-3.135720
-0.202599
2.876767
6.007304
9.157562
12.078129
14.550132
16.697440
18.815575
20.681246
22.170820
23.146168
23.524970
23.275919
22.567997
21.506599
20.437011
19.674624
19.120031
18.218580
17.076282
16.271543
15.843382
15.729259
15.712256
15.420169
15.538970
16.070045
16.743862
16.724169
15.953753
14.780364
13.804495
13.181204
12.621675
12.045455
11.231744
10.230461
9.146143
8.144431
7.153306
6.075454
4.894955
3.772648
2.633481
1.571715
0.666553
0.126485
0.239897
1.114143
2.302263
3.791821
5.266902
6.730934
7.912829
8.885975
10.171023
11.864394
13.521841
14.809368
15.809497
16.607509
17.266306
17.752537
18.150319
18.493985
18.829722
19.081296
19.267453
19.401309
19.504015
19.480435
19.360932
19.530042
19.982491
20.586280
21.046473
21.122125
20.897013
20.634796
20.239467
19.766361
19.149556
18.125663
16.728301
15.161224
14.225136
13.674124
13.062041
12.005598
10.568145
9.104106
8.013769
7.195069
6.457893
5.655025
4.610907
3.206342
1.871032
0.625581
-0.506360
-1.533295
-2.488608
-3.561383
-4.645648
-5.869470
-7.214849
-8.646487
-9.903448
-11.055082
-11.852394
-12.254350
-12.335285
-12.037172
-11.092957
-9.330382
-6.809301
-3.911887
-0.807875
2.413605
5.353672
8.398279
11.848400
15.181655
18.094274
20.638179
22.917221
24.842926
26.428642
27.499896
28.146315
28.186831
27.790424
27.079125
26.330750
25.699922
25.112522
24.795526
25.057824
25.569773
25.698670
25.289656
23.724857
20.786161
17.744247
16.268443
16.395323
16.222888
15.161098
12.917762
10.214043
7.965520
6.110478
4.472210
2.712203
0.865094
-1.108114
-3.093065
-5.042187
-7.075513
-8.932787
-10.526966
-11.569458
-12.081385
-12.290461
-12.440945
-12.628276
-12.815207
-12.557562
-11.346670
-9.203296
-6.620536
-3.986828
-1.101534
1.729348
4.914501
8.278674
11.453714
14.173603
16.473907
18.650202
20.639303
22.363812
23.816302
24.908880
25.230739
24.883075
24.206549
23.852127
23.786360
23.430305
22.847174
22.581037
22.456663
22.030978
20.766960
18.258942
15.510420
14.644803
14.972913
14.822916
13.464281
11.115346
8.817956
6.915271
5.517334
4.316434
2.964661
1.413712
-0.290927
-2.017515
-3.545407
-5.052342
-6.696458
-8.279638
-9.592305
-10.580627
-11.181484
-11.561518
-11.960922
-12.505791
-12.945547
-12.657651
-11.316395
-9.431994
-7.522009
-5.495396
-3.245121
-0.803340
1.731160
4.241356
6.824073
9.600977
12.524726
15.521136
18.436142
21.011832
23.100004
24.703510
25.805110
26.422366
26.546976
26.363539
26.018241
25.602656
25.351278
25.364080
25.600352
25.915960
26.174260
26.219735
25.814567
25.012947
23.589644
21.377970
20.032901
21.068997
22.551760
22.715996
21.222374
18.818580
16.290572
13.957449
12.197846
11.217031
10.478684
9.525323
8.312933
6.905383
6.061268
5.379264
4.633384
3.708997
2.819320
2.092535
1.542749
1.196897
0.937280
0.807440
0.872931
1.104233
1.497218
2.268958
3.332969
4.660305
6.116857
7.501372
8.720649
9.925752
11.127379
12.406273
13.497967
14.314476
14.927400
15.252502
15.315437
15.284590
15.091580
14.875665
14.600938
14.250184
13.686896
13.020058
12.208482
11.348437
10.491786
9.676755
8.872990
8.208523
7.553369
6.789153
5.990575
5.255850
4.563337
4.070715
3.659750
3.335894
3.117896
2.950876
2.632908
2.464479
2.351947
2.191591
2.002497
1.823261
1.533092
1.363958
1.218915
1.074127
0.973179
0.913798
0.790134
0.772288
0.705475
0.565368
0.359429
0.052037
-0.405541
-0.816472
-1.249908
-1.707738
-2.197971
-2.701155
-3.355705
-4.004220
-4.619200
-5.201937
-5.755674
-6.359110
-7.023362
-7.509453
-7.840154
-8.049318
-8.195720
-8.367777
-8.600185
-8.875108
-9.176995
-9.484108
-9.760524
-10.003120
-10.224422
-10.384405
-10.484196
-10.518980
-10.515157
-10.492625
-10.444417
-10.417301
-10.380948
-10.340008
-10.301067
-10.263518
-10.203537
-10.183898
-10.181088
-10.204434
-10.246432
-10.283875
-10.267967
-10.262654
-10.233618
-10.174380
-10.086191
-9.977975
-9.829251
-9.724616
-9.637201
-9.571990
-9.537438
-9.512525
-9.454890
-9.425565
-9.391766
-9.358596
-9.328387
-9.295105
-9.236627
-9.216730
-9.199914
-9.186038
-9.179615
-9.179326
-9.149180
-9.157352
-9.170505
-9.184696
-9.196457
-9.202953
-9.172369
-9.174675
-9.180452
-9.183627
-9.187903
-9.188883
-9.153090
-9.142770
-9.137317
-9.131779
-9.123858
-9.108761
-9.063212
-9.046696
-9.032237
-9.023511
-9.017502
-9.018310
-8.995023
-9.004249
-9.016165
-9.030086
-9.043201
-9.056210
-9.040908
-9.050763
-9.066213
-9.075118
-9.086680
-9.092848
-9.074823
-9.080838
-9.084481
-9.091157
-9.098063
-9.109512
-9.091693
-9.097819
-9.103975
-9.108736
-9.106372
-9.101643
-9.077123
-9.075584
-9.075850
-9.076619
-9.074553
-9.068324
-9.038045
-9.025262
-9.015139
-9.005508
-8.995809
-8.978303
-8.939445
-8.912553
-8.886904
-8.860863
-8.835210
-8.815559
-8.777166
-8.756224
-8.742069
-8.729304
-8.712091
-8.695686
-8.663379
-8.644777
-8.623866
-8.599635
-8.578865
-8.555813
-8.520685
-8.501063
-8.483292
-8.457780
-8.427062
-8.396065
-8.349139
-8.313447
-8.278058
-8.244346
-8.216553
-8.192367
-8.157977
-8.140890
-8.125931
-8.109913
-8.090227
-8.079995
-8.060186
-8.051404
-8.049205
-8.048047
-8.044894
-8.037450
-8.010964
-7.993025
-7.984126
-7.973642
-7.967311
-7.958670
-7.940031
-7.931663
-7.926058
-7.922983
-7.920093
-7.925258
-7.914608
-7.915464
-7.917671
-7.918858
-7.919498
-7.920102
-7.908107
-7.909899
-7.915428
-7.916296
-7.914757
-7.909434
-7.893417
-7.890627
